0.224595
0.207336
0.207336
0.207336
0.414671
0.207344
0.207336
0.207336
0.207336
0.207336
0.207336
0.207336
0.414671
0.207344
0.207336
0.207336
0.208456
0.207336
0.207336
0.207336
0.414671
0.207344
0.207336
0.207336
0.207336
0.207336
0.207336
0.207336
0.207336
0.207336
0.369597
0.207344
0.370517
0.207344
0.207336
0.207336
0.213684
0.207336
0.208456
0.207336
0.207336
0.207336
0.369598
0.207344
0.208456
0.207336
0.370517
0.207344
0.207336
0.207336
0.207336
0.207336
0.208456
0.207336
0.369597
0.207344
0.414671
0.207344
0.370517
0.207344
0.414671
0.207344
0.208456
0.207336
0.414671
0.207344
0.207336
0.207336
0.208456
0.207336
0.369549
0.207344
0.207336
0.207336
0.207336
0.207344
0.414671
0.207344
0.414671
0.207344
0.414671
0.207344
0.207336
0.207344
0.207336
0.207336
0.414671
0.207344
0.207336
0.207336
0.207336
0.207336
0.207336
0.207344
0.207336
0.207336
0.207336
0.207336
0.207336
0.207336
0.414671
0.207344
0.207336
0.207336
0.207336
0.207336
0.207336
0.207344
0.207336
0.207336
0.207336
0.207336
0.208456
0.207336
0.207336
0.207336
0.414671
0.207344
0.207336
0.207336
0.207336
0.207336
0.207336
0.207336
0.369582
0.207344
0.208456
0.207336
0.371968
0.207344
0.414671
0.207344
0.207336
0.207336
0.371378
0.207344
0.207336
0.207336
0.207336
0.207336
0.414671
0.207344
0.207336
0.207336
0.414671
0.207344
0.414671
0.207344
0.369582
0.207344
0.370517
0.207344
0.414671
0.207344
0.371379
0.207344
0.371969
0.207344
0.207336
0.207336
0.371968
0.207344
0.371369
0.207344
0.371369
0.207344
0.371380
0.207344
0.207336
0.207336
0.371369
0.207344
0.371968
0.207344
0.414671
0.207344
0.414671
0.207344
0.371379
0.207344
0.207371
0.207336
0.369485
0.207344
0.369469
0.207344
0.371379
0.207344
0.504764
0.207336
0.207336
0.207336
0.371925
0.207344
0.369469
0.207344
0.369483
0.207344
0.371380
0.207344
0.207336
0.207336
0.369483
0.207344
0.371925
0.207344
0.414671
0.207344
0.414671
0.207344
0.371379
0.207344
0.207336
0.207336
0.207336
0.207336
0.371925
0.207344
0.369469
0.207344
0.369483
0.207344
0.371380
0.207344
0.207336
0.207336
0.369483
0.207344
0.371925
0.207344
0.414671
0.207344
0.414671
0.207344
0.371379
0.207344
0.371926
0.207344
0.208452
0.207336
0.208452
0.207336
0.414671
0.207344
0.334865
0.207336
0.209328
0.207336
0.207336
0.207336
0.414671
0.207344
0.369483
0.207344
0.369469
0.207344
0.414671
0.207344
0.414671
0.207344
0.371926
0.207344
0.207336
0.207344
0.207336
0.207336
0.371926
0.207344
0.207336
0.207336
0.207336
0.207336
0.207336
0.207336
0.371969
0.207344
0.414671
0.207344
0.371926
0.207344
0.207336
0.207336
0.371969
0.207344
0.414671
0.207344
0.371380
0.207344
0.207336
0.207336
0.371926
0.207344
0.207336
0.207336
0.207336
0.207336
0.207336
0.207336
0.371969
0.207344
0.369476
0.207344
0.371925
0.207344
0.207336
0.207336
0.207336
0.207336
0.371969
0.207344
0.414671
0.207344
0.207338
0.207336
0.207337
0.207336
0.414671
0.207344
0.208452
0.207336
0.207336
0.207336
0.207336
0.207336
0.000000
0.207327
0.414671
0.207344
0.207336
0.207336
0.207336
0.207336
0.207336
0.207336
0.207336
0.207336
0.207336
0.207336
0.207336
0.207336
0.207336
0.207336
0.207336
0.207336
0.207336
0.207336
0.207336
0.207336
0.207336
0.207336
0.209015
0.207336
0.208452
0.207336
0.370516
0.207344
0.207337
0.207336
0.207336
0.207336
0.207336
0.207336
0.207336
0.207336
0.207336
0.207336
0.369609
0.207344
0.207336
0.207336
0.207337
0.207336
0.207337
0.207336
0.369584
0.207344
0.207336
0.207336
0.208705
0.207336
0.207336
0.207336
0.207344
0.207336
0.207336
0.207336
0.207336
0.207336
0.207336
0.207336
0.207337
0.207336
0.207336
0.207336
0.617938
0.207336
0.328063
0.207336
0.617938
0.207336
0.268474
0.207336
0.617938
0.207336
0.268474
0.207336
0.207336
0.207336
0.207336
0.207336
0.207336
0.207336
0.208452
0.207336
0.414672
0.207344
0.207336
0.207336
0.214880
0.207336
0.207336
0.207336
0.207336
0.207336
0.414672
0.207344
0.207336
0.207336
0.207336
0.207336
0.369609
0.207344
0.207336
0.207336
0.414671
0.207344
0.414671
0.207344
0.214880
0.207336
0.207336
0.207336
0.208452
0.207336
0.414672
0.207344
0.207336
0.207336
0.207336
0.207336
0.369609
0.207344
0.207336
0.207336
0.207336
0.207336
0.207336
0.207336
0.207336
0.207336
0.214880
0.207336
0.214880
0.207336
0.207336
0.207336
0.208452
0.207336
0.414672
0.207344
0.369584
0.207344
0.207336
0.207336
0.414672
0.207344
0.208452
0.207336
0.208453
0.207336
0.673420
0.633325
0.414672
0.207344
0.414672
0.207344
0.207336
0.207336
0.207336
0.207336
0.214880
0.207336
0.642250
0.419113
0.673420
0.419114
0.673420
0.633325
0.725818
0.207344
0.466294
0.207336
0.617938
0.207336
0.466294
0.207336
0.617938
0.207336
0.466294
0.207336
0.207336
0.207336
0.207336
0.491233
1.000000
0.405502
0.269354
0.376620
0.396597
0.376620
0.207336
0.215890
0.261634
0.234485
0.569503
0.243107
0.233068
0.243107
0.207336
0.207428
0.207488
0.207412
0.207354
0.207404
0.207409
0.207404
