0.311674
0.280763
0.280763
0.280763
0.561526
0.280775
0.280763
0.280763
0.280763
0.280763
0.280763
0.280763
0.561527
0.280775
0.280763
0.280763
0.282280
0.280763
0.280763
0.280763
0.561526
0.280775
0.280763
0.280763
0.280763
0.280763
0.280763
0.280763
0.280763
0.280763
0.500489
0.280775
0.501735
0.280775
0.280763
0.280763
0.289361
0.280763
0.282280
0.280763
0.280763
0.280763
0.500491
0.280775
0.282280
0.280763
0.501735
0.280775
0.280763
0.280763
0.280763
0.280763
0.282280
0.280763
0.500490
0.280775
0.561526
0.280775
0.501735
0.280775
0.561527
0.280775
0.282280
0.280763
0.561527
0.280775
0.280763
0.280763
0.282280
0.280763
0.500425
0.280775
0.280763
0.280763
0.280763
0.280775
0.561526
0.280775
0.561527
0.280775
0.561527
0.280775
0.280763
0.280775
0.280763
0.280763
0.561527
0.280775
0.280763
0.280763
0.280763
0.280763
0.280763
0.280775
0.280763
0.280763
0.280763
0.280763
0.280763
0.280763
0.561527
0.280775
0.280763
0.280763
0.280763
0.280763
0.280763
0.280775
0.280763
0.280763
0.280763
0.280763
0.282280
0.280763
0.280763
0.280763
0.561527
0.280775
0.280763
0.280763
0.280763
0.280763
0.280763
0.280763
0.500469
0.280775
0.282280
0.280763
0.503700
0.280775
0.561527
0.280775
0.280763
0.280763
0.502901
0.280775
0.280763
0.280763
0.280763
0.280763
0.561527
0.280775
0.280763
0.280763
0.561527
0.280775
0.561527
0.280775
0.500469
0.280775
0.501735
0.280775
0.561527
0.280775
0.502903
0.280775
0.503701
0.280775
0.280763
0.280763
0.503701
0.280775
0.502889
0.280775
0.502889
0.280775
0.502904
0.280775
0.280763
0.280763
0.502889
0.280775
0.503701
0.280775
0.561527
0.280775
0.561527
0.280775
0.502903
0.280775
0.280811
0.280763
0.500338
0.280775
0.500316
0.280775
0.502903
0.280775
0.683526
0.280763
0.280764
0.280763
0.503643
0.280775
0.500316
0.280775
0.500336
0.280775
0.502904
0.280775
0.280764
0.280763
0.500336
0.280775
0.503643
0.280775
0.561527
0.280775
0.561527
0.280775
0.502903
0.280775
0.280763
0.280763
0.280763
0.280763
0.503643
0.280775
0.500316
0.280775
0.500336
0.280775
0.502904
0.280775
0.280763
0.280763
0.500336
0.280775
0.503643
0.280775
0.561527
0.280775
0.561527
0.280775
0.502903
0.280775
0.503643
0.280775
0.282275
0.280763
0.282275
0.280763
0.561527
0.280775
0.453457
0.280763
0.283462
0.280763
0.280763
0.280763
0.561527
0.280775
0.500336
0.280775
0.500316
0.280775
0.561527
0.280775
0.561527
0.280775
0.503643
0.280775
0.280763
0.280775
0.280763
0.280763
0.503643
0.280775
0.280763
0.280763
0.280763
0.280763
0.280763
0.280763
0.503702
0.280775
0.561527
0.280775
0.503643
0.280775
0.280763
0.280763
0.503701
0.280775
0.561527
0.280775
0.502904
0.280775
0.280763
0.280763
0.503643
0.280775
0.280763
0.280763
0.280763
0.280763
0.280763
0.280763
0.503701
0.280775
0.500326
0.280775
0.503643
0.280775
0.280764
0.280763
0.280763
0.280763
0.503702
0.280775
0.561527
0.280775
0.280766
0.280763
0.280765
0.280763
0.561527
0.280775
0.282275
0.280763
0.280763
0.280763
0.280763
0.280763
0.000000
0.280752
0.561527
0.280775
0.280763
0.280763
0.280764
0.280763
0.280763
0.280763
0.280763
0.280763
0.280763
0.280763
0.280763
0.280763
0.280763
0.280763
0.280763
0.280763
0.280763
0.280763
0.280763
0.280763
0.280763
0.280763
0.283037
0.280763
0.282275
0.280763
0.501734
0.280775
0.280765
0.280763
0.280763
0.280763
0.280763
0.280763
0.280763
0.280763
0.280763
0.280763
0.500506
0.280775
0.280763
0.280763
0.280765
0.280763
0.280765
0.280763
0.500472
0.280775
0.280764
0.280763
0.282618
0.280763
0.280763
0.280763
0.280775
0.280764
0.280764
0.280763
0.280763
0.280763
0.280764
0.280763
0.280765
0.280763
0.280763
0.280763
0.836780
0.280763
0.444246
0.280763
0.836780
0.280763
0.363554
0.280763
0.836780
0.280763
0.363554
0.280763
0.280763
0.280763
0.280763
0.280763
0.280763
0.280763
0.282275
0.280763
0.561527
0.280775
0.280763
0.280763
0.291149
0.280763
0.280763
0.280763
0.280763
0.280763
0.561527
0.280775
0.280763
0.280763
0.280763
0.280763
0.500506
0.280775
0.280763
0.280763
0.561527
0.280775
0.561527
0.280775
0.291149
0.280763
0.280763
0.280763
0.282275
0.280763
0.561527
0.280775
0.280763
0.280763
0.280763
0.280763
0.500506
0.280775
0.280763
0.280763
0.280763
0.280763
0.280763
0.280763
0.280763
0.280763
0.291149
0.280763
0.291149
0.280763
0.280763
0.280763
0.282275
0.280763
0.561527
0.280775
0.500472
0.280775
0.280763
0.280763
0.561527
0.280775
0.282275
0.280763
0.282276
0.280763
0.911912
0.857617
0.561527
0.280775
0.561527
0.280775
0.280763
0.280763
0.280763
0.280763
0.291149
0.280763
0.869702
0.567542
0.911912
0.567543
0.911912
0.857617
0.982866
0.280774
0.631432
0.280763
0.836780
0.280763
0.631432
0.280763
0.836780
0.280763
0.631432
0.280763
0.280763
0.280763
0.280763
0.436915
0.822230
0.416130
0.310751
0.398264
0.391356
0.398264
0.280763
0.345393
0.472476
0.376620
1.000000
0.395853
0.436439
0.395853
0.280763
0.280850
0.280921
0.280842
0.280780
0.280835
0.280832
0.280835
