0.298565
0.273587
0.273587
0.273587
0.547173
0.273598
0.273587
0.273587
0.273587
0.273587
0.273587
0.273587
0.547173
0.273598
0.273587
0.273587
0.275065
0.273587
0.273587
0.273587
0.547173
0.273598
0.273587
0.273587
0.273587
0.273587
0.273587
0.273587
0.273587
0.273587
0.487696
0.273598
0.488910
0.273598
0.273587
0.273587
0.281964
0.273587
0.275065
0.273587
0.273587
0.273587
0.487698
0.273598
0.275065
0.273587
0.488910
0.273598
0.273587
0.273587
0.273587
0.273587
0.275065
0.273587
0.487696
0.273598
0.547173
0.273598
0.488910
0.273598
0.547173
0.273598
0.275065
0.273587
0.547173
0.273598
0.273587
0.273587
0.275065
0.273587
0.487634
0.273598
0.273587
0.273587
0.273587
0.273598
0.547173
0.273598
0.547173
0.273598
0.547173
0.273598
0.273587
0.273598
0.273587
0.273587
0.547173
0.273598
0.273587
0.273587
0.273587
0.273587
0.273587
0.273598
0.273587
0.273587
0.273587
0.273587
0.273587
0.273587
0.547173
0.273598
0.273587
0.273587
0.273587
0.273587
0.273587
0.273598
0.273587
0.273587
0.273587
0.273587
0.275065
0.273587
0.273587
0.273587
0.547173
0.273598
0.273587
0.273587
0.273587
0.273587
0.273587
0.273587
0.487676
0.273598
0.275065
0.273587
0.490824
0.273598
0.547173
0.273598
0.273587
0.273587
0.490046
0.273598
0.273587
0.273587
0.273587
0.273587
0.547173
0.273598
0.273587
0.273587
0.547174
0.273598
0.547173
0.273598
0.487676
0.273598
0.488910
0.273598
0.547173
0.273598
0.490048
0.273598
0.490826
0.273598
0.273587
0.273587
0.490825
0.273598
0.490034
0.273598
0.490034
0.273598
0.490049
0.273598
0.273587
0.273587
0.490034
0.273598
0.490825
0.273598
0.547173
0.273598
0.547173
0.273598
0.490048
0.273598
0.273634
0.273587
0.487549
0.273598
0.487528
0.273598
0.490048
0.273598
0.666054
0.273587
0.273587
0.273587
0.490769
0.273598
0.487528
0.273598
0.487546
0.273598
0.490049
0.273598
0.273587
0.273587
0.487546
0.273598
0.490769
0.273598
0.547173
0.273598
0.547173
0.273598
0.490048
0.273598
0.273587
0.273587
0.273587
0.273587
0.490769
0.273598
0.487528
0.273598
0.487546
0.273598
0.490049
0.273598
0.273587
0.273587
0.487546
0.273598
0.490769
0.273598
0.547173
0.273598
0.547173
0.273598
0.490048
0.273598
0.490769
0.273598
0.275059
0.273587
0.275059
0.273587
0.547173
0.273598
0.441866
0.273587
0.276216
0.273587
0.273587
0.273587
0.547173
0.273598
0.487546
0.273598
0.487528
0.273598
0.547173
0.273598
0.547173
0.273598
0.490769
0.273598
0.273587
0.273598
0.273587
0.273587
0.490769
0.273598
0.273587
0.273587
0.273587
0.273587
0.273587
0.273587
0.490826
0.273598
0.547173
0.273598
0.490769
0.273598
0.273587
0.273587
0.490826
0.273598
0.547173
0.273598
0.490049
0.273598
0.273587
0.273587
0.490769
0.273598
0.273587
0.273587
0.273587
0.273587
0.273587
0.273587
0.490826
0.273598
0.487537
0.273598
0.490769
0.273598
0.273587
0.273587
0.273587
0.273587
0.490826
0.273598
0.547173
0.273598
0.273590
0.273587
0.273588
0.273587
0.547173
0.273598
0.275059
0.273587
0.273587
0.273587
0.273587
0.273587
0.000000
0.273575
0.547173
0.273598
0.273587
0.273587
0.273587
0.273587
0.273587
0.273587
0.273587
0.273587
0.273587
0.273587
0.273587
0.273587
0.273587
0.273587
0.273587
0.273587
0.273587
0.273587
0.273587
0.273587
0.273587
0.273587
0.275802
0.273587
0.275060
0.273587
0.488909
0.273598
0.273588
0.273587
0.273587
0.273587
0.273587
0.273587
0.273587
0.273587
0.273587
0.273587
0.487712
0.273598
0.273587
0.273587
0.273588
0.273587
0.273588
0.273587
0.487679
0.273598
0.273587
0.273587
0.275394
0.273587
0.273587
0.273587
0.273598
0.273587
0.273587
0.273587
0.273587
0.273587
0.273587
0.273587
0.273588
0.273587
0.273587
0.273587
0.815391
0.273587
0.432891
0.273587
0.815391
0.273587
0.354261
0.273587
0.815391
0.273587
0.354261
0.273587
0.273587
0.273587
0.273587
0.273587
0.273587
0.273587
0.275060
0.273587
0.547174
0.273598
0.273587
0.273587
0.283664
0.273587
0.273587
0.273587
0.273587
0.273587
0.547174
0.273598
0.273587
0.273587
0.273587
0.273587
0.487712
0.273598
0.273587
0.273587
0.547174
0.273598
0.547174
0.273598
0.283664
0.273587
0.273587
0.273587
0.275060
0.273587
0.547174
0.273598
0.273587
0.273587
0.273587
0.273587
0.487712
0.273598
0.273587
0.273587
0.273587
0.273587
0.273587
0.273587
0.273587
0.273587
0.283664
0.273587
0.283664
0.273587
0.273587
0.273587
0.275060
0.273587
0.547174
0.273598
0.487679
0.273598
0.273587
0.273587
0.547174
0.273598
0.275060
0.273587
0.275061
0.273587
0.888602
0.835695
0.547174
0.273598
0.547174
0.273598
0.273587
0.273587
0.273587
0.273587
0.283664
0.273587
0.847471
0.553035
0.888602
0.553035
0.888602
0.835695
0.957743
0.273597
0.615292
0.273587
0.815391
0.273587
0.615292
0.273587
0.815391
0.273587
0.615292
0.273587
0.273587
0.273587
0.273587
0.378073
0.640940
0.365425
0.288215
0.350855
0.349002
0.350855
0.273587
0.362404
0.542050
0.407818
1.000000
0.454896
0.474863
0.454896
0.273587
0.273664
0.273730
0.273658
0.273598
0.273650
0.273649
0.273650
