0.257577
0.233443
0.233443
0.233443
0.466886
0.233453
0.233443
0.233443
0.233443
0.233443
0.233443
0.233443
0.466886
0.233453
0.233443
0.233443
0.234704
0.233443
0.233443
0.233443
0.466886
0.233453
0.233443
0.233443
0.233443
0.233443
0.233443
0.233443
0.233443
0.233443
0.416136
0.233453
0.417172
0.233453
0.233443
0.233443
0.240591
0.233443
0.234704
0.233443
0.233443
0.233443
0.416138
0.233453
0.234704
0.233443
0.417172
0.233453
0.233443
0.233443
0.233443
0.233443
0.234704
0.233443
0.416137
0.233453
0.466886
0.233453
0.417172
0.233453
0.466887
0.233453
0.234704
0.233443
0.466887
0.233453
0.233443
0.233443
0.234704
0.233443
0.416083
0.233453
0.233443
0.233443
0.233443
0.233453
0.466886
0.233453
0.466886
0.233453
0.466886
0.233453
0.233443
0.233453
0.233443
0.233443
0.466886
0.233453
0.233443
0.233443
0.233443
0.233443
0.233443
0.233453
0.233443
0.233443
0.233443
0.233443
0.233443
0.233443
0.466886
0.233453
0.233443
0.233443
0.233443
0.233443
0.233443
0.233453
0.233443
0.233443
0.233443
0.233443
0.234704
0.233443
0.233443
0.233443
0.466886
0.233453
0.233443
0.233443
0.233443
0.233443
0.233443
0.233443
0.416119
0.233453
0.234704
0.233443
0.418806
0.233453
0.466886
0.233453
0.233443
0.233443
0.418142
0.233453
0.233443
0.233443
0.233443
0.233443
0.466886
0.233453
0.233443
0.233443
0.466887
0.233453
0.466887
0.233453
0.416119
0.233453
0.417172
0.233453
0.466886
0.233453
0.418143
0.233453
0.418807
0.233453
0.233443
0.233443
0.418806
0.233453
0.418131
0.233453
0.418131
0.233453
0.418144
0.233453
0.233443
0.233443
0.418131
0.233453
0.418806
0.233453
0.466886
0.233453
0.466886
0.233453
0.418143
0.233453
0.233483
0.233443
0.416011
0.233453
0.415993
0.233453
0.418143
0.233453
0.568324
0.233443
0.233444
0.233443
0.418758
0.233453
0.415993
0.233453
0.416009
0.233453
0.418144
0.233453
0.233444
0.233443
0.416009
0.233453
0.418758
0.233453
0.466886
0.233453
0.466886
0.233453
0.418143
0.233453
0.233443
0.233443
0.233443
0.233443
0.418758
0.233453
0.415993
0.233453
0.416009
0.233453
0.418144
0.233453
0.233443
0.233443
0.416009
0.233453
0.418758
0.233453
0.466886
0.233453
0.466886
0.233453
0.418143
0.233453
0.418759
0.233453
0.234700
0.233443
0.234700
0.233443
0.466886
0.233453
0.377031
0.233443
0.235687
0.233443
0.233443
0.233443
0.466887
0.233453
0.416009
0.233453
0.415993
0.233453
0.466886
0.233453
0.466887
0.233453
0.418759
0.233453
0.233443
0.233453
0.233443
0.233443
0.418759
0.233453
0.233443
0.233443
0.233443
0.233443
0.233443
0.233443
0.418807
0.233453
0.466887
0.233453
0.418759
0.233453
0.233443
0.233443
0.418807
0.233453
0.466887
0.233453
0.418144
0.233453
0.233443
0.233443
0.418759
0.233453
0.233443
0.233443
0.233443
0.233443
0.233443
0.233443
0.418807
0.233453
0.416001
0.233453
0.418758
0.233453
0.233444
0.233443
0.233443
0.233443
0.418807
0.233453
0.466887
0.233453
0.233446
0.233443
0.233444
0.233443
0.466887
0.233453
0.234700
0.233443
0.233443
0.233443
0.233443
0.233443
0.000000
0.233433
0.466887
0.233453
0.233443
0.233443
0.233443
0.233443
0.233443
0.233443
0.233443
0.233443
0.233443
0.233443
0.233443
0.233443
0.233443
0.233443
0.233443
0.233443
0.233443
0.233443
0.233443
0.233443
0.233443
0.233443
0.235334
0.233443
0.234700
0.233443
0.417171
0.233453
0.233444
0.233443
0.233443
0.233443
0.233443
0.233443
0.233443
0.233443
0.233443
0.233443
0.416150
0.233453
0.233443
0.233443
0.233444
0.233443
0.233444
0.233443
0.416122
0.233453
0.233444
0.233443
0.234985
0.233443
0.233443
0.233443
0.233453
0.233444
0.233444
0.233443
0.233443
0.233443
0.233444
0.233443
0.233444
0.233443
0.233443
0.233443
0.695748
0.233443
0.369373
0.233443
0.695748
0.233443
0.302281
0.233443
0.695748
0.233443
0.302281
0.233443
0.233443
0.233443
0.233443
0.233443
0.233443
0.233443
0.234700
0.233443
0.466887
0.233453
0.233443
0.233443
0.242067
0.233443
0.233443
0.233443
0.233443
0.233443
0.466887
0.233453
0.233443
0.233443
0.233443
0.233443
0.416150
0.233453
0.233443
0.233443
0.466887
0.233453
0.466887
0.233453
0.242067
0.233443
0.233443
0.233443
0.234700
0.233443
0.466887
0.233453
0.233443
0.233443
0.233443
0.233443
0.416150
0.233453
0.233443
0.233443
0.233443
0.233443
0.233443
0.233443
0.233443
0.233443
0.242067
0.233443
0.242067
0.233443
0.233443
0.233443
0.234700
0.233443
0.466887
0.233453
0.416122
0.233453
0.233443
0.233443
0.466887
0.233453
0.234700
0.233443
0.234701
0.233443
0.758217
0.713073
0.466887
0.233453
0.466887
0.233453
0.233443
0.233443
0.233443
0.233443
0.242067
0.233443
0.723122
0.471888
0.758217
0.471888
0.758217
0.713073
0.817213
0.233452
0.525010
0.233443
0.695748
0.233443
0.525010
0.233443
0.695748
0.233443
0.525010
0.233443
0.233443
0.233443
0.233443
0.318478
0.563757
0.316022
0.250578
0.297470
0.301405
0.297470
0.233443
0.335763
0.464605
0.349024
1.000000
0.430226
0.404399
0.430226
0.233443
0.233505
0.233564
0.233504
0.233456
0.233494
0.233496
0.233494
