0.256390
0.238461
0.238461
0.238461
0.476922
0.238471
0.238461
0.238461
0.238461
0.238461
0.238461
0.238461
0.476922
0.238471
0.238461
0.238461
0.239749
0.238461
0.238461
0.238461
0.476922
0.238471
0.238461
0.238461
0.238461
0.238461
0.238461
0.238461
0.238461
0.238461
0.425081
0.238471
0.426139
0.238471
0.238461
0.238461
0.245763
0.238461
0.239749
0.238461
0.238461
0.238461
0.425083
0.238471
0.239749
0.238461
0.426139
0.238471
0.238461
0.238461
0.238461
0.238461
0.239749
0.238461
0.425081
0.238471
0.476922
0.238471
0.426139
0.238471
0.476922
0.238471
0.239749
0.238461
0.476922
0.238471
0.238461
0.238461
0.239749
0.238461
0.425027
0.238471
0.238461
0.238461
0.238461
0.238471
0.476922
0.238471
0.476922
0.238471
0.476922
0.238471
0.238461
0.238471
0.238461
0.238461
0.476922
0.238471
0.238461
0.238461
0.238461
0.238461
0.238461
0.238471
0.238461
0.238461
0.238461
0.238461
0.238461
0.238461
0.476922
0.238471
0.238461
0.238461
0.238461
0.238461
0.238461
0.238471
0.238461
0.238461
0.238461
0.238461
0.239749
0.238461
0.238461
0.238461
0.476922
0.238471
0.238461
0.238461
0.238461
0.238461
0.238461
0.238461
0.425064
0.238471
0.239749
0.238461
0.427808
0.238471
0.476922
0.238471
0.238461
0.238461
0.427130
0.238471
0.238461
0.238461
0.238461
0.238461
0.476922
0.238471
0.238461
0.238461
0.476922
0.238471
0.476922
0.238471
0.425064
0.238471
0.426139
0.238471
0.476922
0.238471
0.427131
0.238471
0.427809
0.238471
0.238461
0.238461
0.427808
0.238471
0.427119
0.238471
0.427119
0.238471
0.427132
0.238471
0.238461
0.238461
0.427119
0.238471
0.427808
0.238471
0.476922
0.238471
0.476922
0.238471
0.427131
0.238471
0.238502
0.238461
0.424953
0.238471
0.424934
0.238471
0.427131
0.238471
0.580540
0.238461
0.238461
0.238461
0.427759
0.238471
0.424934
0.238471
0.424951
0.238471
0.427132
0.238471
0.238461
0.238461
0.424951
0.238471
0.427759
0.238471
0.476922
0.238471
0.476922
0.238471
0.427131
0.238471
0.238461
0.238461
0.238461
0.238461
0.427759
0.238471
0.424934
0.238471
0.424951
0.238471
0.427132
0.238471
0.238461
0.238461
0.424951
0.238471
0.427759
0.238471
0.476922
0.238471
0.476922
0.238471
0.427131
0.238471
0.427760
0.238471
0.239745
0.238461
0.239744
0.238461
0.476922
0.238471
0.385135
0.238461
0.240753
0.238461
0.238461
0.238461
0.476922
0.238471
0.424951
0.238471
0.424934
0.238471
0.476922
0.238471
0.476922
0.238471
0.427760
0.238471
0.238461
0.238471
0.238461
0.238461
0.427760
0.238471
0.238461
0.238461
0.238461
0.238461
0.238461
0.238461
0.427809
0.238471
0.476922
0.238471
0.427760
0.238471
0.238461
0.238461
0.427809
0.238471
0.476922
0.238471
0.427132
0.238471
0.238461
0.238461
0.427760
0.238471
0.238461
0.238461
0.238461
0.238461
0.238461
0.238461
0.427809
0.238471
0.424943
0.238471
0.427759
0.238471
0.238461
0.238461
0.238461
0.238461
0.427809
0.238471
0.476922
0.238471
0.238464
0.238461
0.238462
0.238461
0.476922
0.238471
0.239745
0.238461
0.238461
0.238461
0.238461
0.238461
0.000000
0.238451
0.476922
0.238471
0.238461
0.238461
0.238461
0.238461
0.238461
0.238461
0.238461
0.238461
0.238461
0.238461
0.238461
0.238461
0.238461
0.238461
0.238461
0.238461
0.238461
0.238461
0.238461
0.238461
0.238461
0.238461
0.240392
0.238461
0.239745
0.238461
0.426138
0.238471
0.238462
0.238461
0.238461
0.238461
0.238461
0.238461
0.238461
0.238461
0.238461
0.238461
0.425095
0.238471
0.238461
0.238461
0.238462
0.238461
0.238462
0.238461
0.425066
0.238471
0.238462
0.238461
0.240036
0.238461
0.238461
0.238461
0.238471
0.238461
0.238461
0.238461
0.238461
0.238461
0.238462
0.238461
0.238462
0.238461
0.238461
0.238461
0.710703
0.238461
0.377312
0.238461
0.710703
0.238461
0.308778
0.238461
0.710703
0.238461
0.308778
0.238461
0.238461
0.238461
0.238461
0.238461
0.238461
0.238461
0.239745
0.238461
0.476923
0.238471
0.238461
0.238461
0.247226
0.238461
0.238461
0.238461
0.238461
0.238461
0.476923
0.238471
0.238461
0.238461
0.238461
0.238461
0.425095
0.238471
0.238461
0.238461
0.476922
0.238471
0.476922
0.238471
0.247226
0.238461
0.238461
0.238461
0.239745
0.238461
0.476923
0.238471
0.238461
0.238461
0.238461
0.238461
0.425095
0.238471
0.238461
0.238461
0.238461
0.238461
0.238461
0.238461
0.238461
0.238461
0.247226
0.238461
0.247226
0.238461
0.238461
0.238461
0.239745
0.238461
0.476923
0.238471
0.425066
0.238471
0.238461
0.238461
0.476922
0.238471
0.239745
0.238461
0.239746
0.238461
0.774515
0.728400
0.476922
0.238471
0.476922
0.238471
0.238461
0.238461
0.238461
0.238461
0.247226
0.238461
0.738665
0.482031
0.774515
0.482031
0.774515
0.728400
0.834779
0.238470
0.536295
0.238461
0.710703
0.238461
0.536295
0.238461
0.710703
0.238461
0.536295
0.238461
0.238461
0.238461
0.238461
0.371191
0.662444
0.344457
0.265816
0.331929
0.326616
0.331929
0.238461
0.272278
0.383276
0.310868
1.000000
0.318178
0.341605
0.318178
0.238461
0.238542
0.238603
0.238532
0.238476
0.238526
0.238524
0.238526
