0.319409
0.285658
0.285658
0.285658
0.571315
0.285670
0.285658
0.285658
0.285658
0.285658
0.285658
0.285658
0.571315
0.285670
0.285658
0.285658
0.287201
0.285658
0.285658
0.285658
0.571315
0.285670
0.285658
0.285658
0.285658
0.285658
0.285658
0.285658
0.285658
0.285658
0.509213
0.285670
0.510481
0.285670
0.285658
0.285658
0.294405
0.285658
0.287201
0.285658
0.285658
0.285658
0.509216
0.285670
0.287201
0.285658
0.510481
0.285670
0.285658
0.285658
0.285658
0.285658
0.287201
0.285658
0.509214
0.285670
0.571315
0.285670
0.510481
0.285670
0.571315
0.285670
0.287201
0.285658
0.571316
0.285670
0.285658
0.285658
0.287201
0.285658
0.509149
0.285670
0.285658
0.285658
0.285658
0.285670
0.571315
0.285670
0.571315
0.285670
0.571315
0.285670
0.285658
0.285670
0.285658
0.285658
0.571315
0.285670
0.285658
0.285658
0.285658
0.285658
0.285658
0.285670
0.285658
0.285658
0.285658
0.285658
0.285658
0.285658
0.571315
0.285670
0.285658
0.285658
0.285658
0.285658
0.285658
0.285670
0.285658
0.285658
0.285658
0.285658
0.287201
0.285658
0.285658
0.285658
0.571315
0.285670
0.285658
0.285658
0.285658
0.285658
0.285658
0.285658
0.509193
0.285670
0.287201
0.285658
0.512480
0.285670
0.571315
0.285670
0.285658
0.285658
0.511668
0.285670
0.285658
0.285658
0.285658
0.285658
0.571315
0.285670
0.285658
0.285658
0.571316
0.285670
0.571316
0.285670
0.509193
0.285670
0.510481
0.285670
0.571315
0.285670
0.511669
0.285670
0.512482
0.285670
0.285658
0.285658
0.512481
0.285670
0.511655
0.285670
0.511655
0.285670
0.511670
0.285670
0.285658
0.285658
0.511655
0.285670
0.512481
0.285670
0.571315
0.285670
0.571315
0.285670
0.511670
0.285670
0.285707
0.285658
0.509060
0.285670
0.509038
0.285670
0.511669
0.285670
0.695441
0.285658
0.285658
0.285658
0.512422
0.285670
0.509038
0.285670
0.509058
0.285670
0.511670
0.285670
0.285658
0.285658
0.509058
0.285670
0.512422
0.285670
0.571315
0.285670
0.571315
0.285670
0.511669
0.285670
0.285658
0.285658
0.285658
0.285658
0.512422
0.285670
0.509038
0.285670
0.509058
0.285670
0.511670
0.285670
0.285658
0.285658
0.509058
0.285670
0.512422
0.285670
0.571315
0.285670
0.571315
0.285670
0.511670
0.285670
0.512423
0.285670
0.287195
0.285658
0.287195
0.285658
0.571315
0.285670
0.461362
0.285658
0.288403
0.285658
0.285658
0.285658
0.571315
0.285670
0.509058
0.285670
0.509038
0.285670
0.571315
0.285670
0.571315
0.285670
0.512423
0.285670
0.285658
0.285670
0.285658
0.285658
0.512423
0.285670
0.285658
0.285658
0.285658
0.285658
0.285658
0.285658
0.512482
0.285670
0.571315
0.285670
0.512423
0.285670
0.285658
0.285658
0.512482
0.285670
0.571315
0.285670
0.511671
0.285670
0.285658
0.285658
0.512423
0.285670
0.285658
0.285658
0.285658
0.285658
0.285658
0.285658
0.512482
0.285670
0.509048
0.285670
0.512422
0.285670
0.285658
0.285658
0.285658
0.285658
0.512482
0.285670
0.571315
0.285670
0.285661
0.285658
0.285659
0.285658
0.571315
0.285670
0.287195
0.285658
0.285658
0.285658
0.285658
0.285658
0.000000
0.285646
0.571315
0.285670
0.285658
0.285658
0.285658
0.285658
0.285658
0.285658
0.285658
0.285658
0.285658
0.285658
0.285658
0.285658
0.285658
0.285658
0.285658
0.285658
0.285658
0.285658
0.285658
0.285658
0.285658
0.285658
0.287971
0.285658
0.287196
0.285658
0.510480
0.285670
0.285659
0.285658
0.285658
0.285658
0.285658
0.285658
0.285658
0.285658
0.285658
0.285658
0.509230
0.285670
0.285658
0.285658
0.285659
0.285658
0.285659
0.285658
0.509196
0.285670
0.285658
0.285658
0.287545
0.285658
0.285658
0.285658
0.285670
0.285658
0.285658
0.285658
0.285658
0.285658
0.285658
0.285658
0.285659
0.285658
0.285658
0.285658
0.851367
0.285658
0.451991
0.285658
0.851367
0.285658
0.369892
0.285658
0.851367
0.285658
0.369892
0.285658
0.285658
0.285658
0.285658
0.285658
0.285658
0.285658
0.287196
0.285658
0.571316
0.285670
0.285658
0.285658
0.296270
0.285658
0.285658
0.285658
0.285658
0.285658
0.571316
0.285670
0.285658
0.285658
0.285658
0.285658
0.509231
0.285670
0.285658
0.285658
0.571316
0.285670
0.571316
0.285670
0.296270
0.285658
0.285658
0.285658
0.287196
0.285658
0.571316
0.285670
0.285658
0.285658
0.285658
0.285658
0.509231
0.285670
0.285658
0.285658
0.285658
0.285658
0.285658
0.285658
0.285658
0.285658
0.296270
0.285658
0.296270
0.285658
0.285658
0.285658
0.287196
0.285658
0.571316
0.285670
0.509196
0.285670
0.285658
0.285658
0.571316
0.285670
0.287196
0.285658
0.287197
0.285658
0.927808
0.872567
0.571316
0.285670
0.571316
0.285670
0.285658
0.285658
0.285658
0.285658
0.296270
0.285658
0.884863
0.577435
0.927808
0.577436
0.927808
0.872567
1.000000
0.285669
0.642439
0.285658
0.851367
0.285658
0.642439
0.285658
0.851367
0.285658
0.642439
0.285658
0.285658
0.285658
0.285658
0.381349
0.765163
0.405534
0.304243
0.364467
0.370359
0.364467
0.285658
0.444173
0.442587
0.364123
0.918743
0.515499
0.463833
0.515499
0.285658
0.285730
0.285824
0.285741
0.285671
0.285721
0.285724
0.285721
