0.310909
0.281094
0.281094
0.281094
0.562187
0.281106
0.281094
0.281094
0.281094
0.281094
0.281094
0.281094
0.562188
0.281106
0.281094
0.281094
0.282612
0.281094
0.281094
0.281094
0.562187
0.281106
0.281094
0.281094
0.281094
0.281094
0.281094
0.281094
0.281094
0.281094
0.501078
0.281106
0.502325
0.281106
0.281094
0.281094
0.289701
0.281094
0.282612
0.281094
0.281094
0.281094
0.501080
0.281106
0.282612
0.281094
0.502325
0.281106
0.281094
0.281094
0.281094
0.281094
0.282612
0.281094
0.501079
0.281106
0.562187
0.281106
0.502325
0.281106
0.562188
0.281106
0.282612
0.281094
0.562188
0.281106
0.281094
0.281094
0.282612
0.281094
0.501014
0.281106
0.281094
0.281094
0.281094
0.281106
0.562187
0.281106
0.562187
0.281106
0.562187
0.281106
0.281094
0.281106
0.281094
0.281094
0.562187
0.281106
0.281094
0.281094
0.281094
0.281094
0.281094
0.281106
0.281094
0.281094
0.281094
0.281094
0.281094
0.281094
0.562187
0.281106
0.281094
0.281094
0.281094
0.281094
0.281094
0.281106
0.281094
0.281094
0.281094
0.281094
0.282612
0.281094
0.281094
0.281094
0.562187
0.281106
0.281094
0.281094
0.281094
0.281094
0.281094
0.281094
0.501058
0.281106
0.282612
0.281094
0.504292
0.281106
0.562187
0.281106
0.281094
0.281094
0.503493
0.281106
0.281094
0.281094
0.281094
0.281094
0.562187
0.281106
0.281094
0.281094
0.562188
0.281106
0.562188
0.281106
0.501058
0.281106
0.502325
0.281106
0.562187
0.281106
0.503495
0.281106
0.504294
0.281106
0.281094
0.281094
0.504293
0.281106
0.503480
0.281106
0.503481
0.281106
0.503495
0.281106
0.281094
0.281094
0.503481
0.281106
0.504293
0.281106
0.562187
0.281106
0.562187
0.281106
0.503495
0.281106
0.281142
0.281094
0.500927
0.281106
0.500905
0.281106
0.503495
0.281106
0.684330
0.281094
0.281094
0.281094
0.504235
0.281106
0.500905
0.281106
0.500925
0.281106
0.503495
0.281106
0.281094
0.281094
0.500925
0.281106
0.504235
0.281106
0.562187
0.281106
0.562187
0.281106
0.503495
0.281106
0.281094
0.281094
0.281094
0.281094
0.504235
0.281106
0.500905
0.281106
0.500925
0.281106
0.503495
0.281106
0.281094
0.281094
0.500925
0.281106
0.504235
0.281106
0.562188
0.281106
0.562188
0.281106
0.503495
0.281106
0.504236
0.281106
0.282607
0.281094
0.282607
0.281094
0.562188
0.281106
0.453991
0.281094
0.283795
0.281094
0.281094
0.281094
0.562188
0.281106
0.500925
0.281106
0.500905
0.281106
0.562188
0.281106
0.562188
0.281106
0.504236
0.281106
0.281094
0.281106
0.281094
0.281094
0.504236
0.281106
0.281094
0.281094
0.281094
0.281094
0.281094
0.281094
0.504294
0.281106
0.562188
0.281106
0.504236
0.281106
0.281094
0.281094
0.504294
0.281106
0.562188
0.281106
0.503496
0.281106
0.281094
0.281094
0.504236
0.281106
0.281094
0.281094
0.281094
0.281094
0.281094
0.281094
0.504294
0.281106
0.500915
0.281106
0.504235
0.281106
0.281094
0.281094
0.281094
0.281094
0.504294
0.281106
0.562188
0.281106
0.281097
0.281094
0.281095
0.281094
0.562188
0.281106
0.282607
0.281094
0.281094
0.281094
0.281094
0.281094
0.000000
0.281082
0.562188
0.281106
0.281094
0.281094
0.281094
0.281094
0.281094
0.281094
0.281094
0.281094
0.281094
0.281094
0.281094
0.281094
0.281094
0.281094
0.281094
0.281094
0.281094
0.281094
0.281094
0.281094
0.281094
0.281094
0.283370
0.281094
0.282607
0.281094
0.502324
0.281106
0.281095
0.281094
0.281094
0.281094
0.281094
0.281094
0.281094
0.281094
0.281094
0.281094
0.501095
0.281106
0.281094
0.281094
0.281095
0.281094
0.281095
0.281094
0.501061
0.281106
0.281095
0.281094
0.282951
0.281094
0.281094
0.281094
0.281106
0.281094
0.281094
0.281094
0.281094
0.281094
0.281094
0.281094
0.281095
0.281094
0.281094
0.281094
0.837765
0.281094
0.444769
0.281094
0.837765
0.281094
0.363982
0.281094
0.837765
0.281094
0.363982
0.281094
0.281094
0.281094
0.281094
0.281094
0.281094
0.281094
0.282607
0.281094
0.562188
0.281106
0.281094
0.281094
0.291485
0.281094
0.281094
0.281094
0.281094
0.281094
0.562188
0.281106
0.281094
0.281094
0.281094
0.281094
0.501095
0.281106
0.281094
0.281094
0.562188
0.281106
0.562188
0.281106
0.291485
0.281094
0.281094
0.281094
0.282607
0.281094
0.562188
0.281106
0.281094
0.281094
0.281094
0.281094
0.501095
0.281106
0.281094
0.281094
0.281094
0.281094
0.281094
0.281094
0.281094
0.281094
0.291485
0.281094
0.291485
0.281094
0.281094
0.281094
0.282607
0.281094
0.562188
0.281106
0.501061
0.281106
0.281094
0.281094
0.562188
0.281106
0.282607
0.281094
0.282608
0.281094
0.912985
0.858626
0.562188
0.281106
0.562188
0.281106
0.281094
0.281094
0.281094
0.281094
0.291485
0.281094
0.870725
0.568210
0.912985
0.568210
0.912985
0.858626
0.984023
0.281105
0.632175
0.281094
0.837765
0.281094
0.632175
0.281094
0.837765
0.281094
0.632175
0.281094
0.281094
0.281094
0.281094
0.358821
0.565259
0.352135
0.293033
0.338102
0.339578
0.338102
0.281094
0.413450
0.616429
0.448762
1.000000
0.543494
0.525514
0.543494
0.281094
0.281166
0.281229
0.281161
0.281105
0.281152
0.281153
0.281152
