0.253224
0.224579
0.224579
0.224579
0.449158
0.224589
0.224579
0.224579
0.224579
0.224579
0.224579
0.224579
0.449159
0.224589
0.224579
0.224579
0.225793
0.224579
0.224579
0.224579
0.449158
0.224589
0.224579
0.224579
0.224579
0.224579
0.224579
0.224579
0.224579
0.224579
0.400335
0.224589
0.401332
0.224589
0.224579
0.224579
0.231456
0.224579
0.225793
0.224579
0.224579
0.224579
0.400337
0.224589
0.225793
0.224579
0.401332
0.224589
0.224579
0.224579
0.224579
0.224579
0.225793
0.224579
0.400336
0.224589
0.449158
0.224589
0.401332
0.224589
0.449159
0.224589
0.225793
0.224579
0.449159
0.224589
0.224579
0.224579
0.225793
0.224579
0.400284
0.224589
0.224579
0.224579
0.224579
0.224589
0.449158
0.224589
0.449158
0.224589
0.449158
0.224589
0.224579
0.224589
0.224579
0.224579
0.449158
0.224589
0.224579
0.224579
0.224579
0.224579
0.224579
0.224589
0.224579
0.224579
0.224579
0.224579
0.224579
0.224579
0.449158
0.224589
0.224579
0.224579
0.224579
0.224579
0.224579
0.224589
0.224579
0.224579
0.224579
0.224579
0.225793
0.224579
0.224579
0.224579
0.449158
0.224589
0.224579
0.224579
0.224579
0.224579
0.224579
0.224579
0.400319
0.224589
0.225793
0.224579
0.402903
0.224589
0.449158
0.224589
0.224579
0.224579
0.402265
0.224589
0.224579
0.224579
0.224579
0.224579
0.449158
0.224589
0.224579
0.224579
0.449159
0.224589
0.449159
0.224589
0.400319
0.224589
0.401332
0.224589
0.449158
0.224589
0.402266
0.224589
0.402905
0.224589
0.224579
0.224579
0.402904
0.224589
0.402255
0.224589
0.402255
0.224589
0.402267
0.224589
0.224579
0.224579
0.402255
0.224589
0.402904
0.224589
0.449158
0.224589
0.449158
0.224589
0.402266
0.224589
0.224618
0.224579
0.400214
0.224589
0.400197
0.224589
0.402266
0.224589
0.546744
0.224579
0.224580
0.224579
0.402858
0.224589
0.400197
0.224589
0.400213
0.224589
0.402267
0.224589
0.224580
0.224579
0.400213
0.224589
0.402858
0.224589
0.449158
0.224589
0.449158
0.224589
0.402266
0.224589
0.224579
0.224579
0.224579
0.224579
0.402858
0.224589
0.400197
0.224589
0.400213
0.224589
0.402267
0.224589
0.224579
0.224579
0.400213
0.224589
0.402858
0.224589
0.449159
0.224589
0.449159
0.224589
0.402266
0.224589
0.402858
0.224589
0.225788
0.224579
0.225788
0.224579
0.449159
0.224589
0.362715
0.224579
0.226738
0.224579
0.224579
0.224579
0.449159
0.224589
0.400213
0.224589
0.400197
0.224589
0.449159
0.224589
0.449159
0.224589
0.402858
0.224589
0.224579
0.224589
0.224579
0.224579
0.402858
0.224589
0.224579
0.224579
0.224579
0.224579
0.224579
0.224579
0.402905
0.224589
0.449159
0.224589
0.402858
0.224589
0.224579
0.224579
0.402905
0.224589
0.449159
0.224589
0.402267
0.224589
0.224579
0.224579
0.402858
0.224589
0.224579
0.224579
0.224579
0.224579
0.224579
0.224579
0.402905
0.224589
0.400205
0.224589
0.402858
0.224589
0.224580
0.224579
0.224579
0.224579
0.402905
0.224589
0.449159
0.224589
0.224582
0.224579
0.224580
0.224579
0.449159
0.224589
0.225788
0.224579
0.224579
0.224579
0.224579
0.224579
0.000000
0.224570
0.449159
0.224589
0.224579
0.224579
0.224579
0.224579
0.224579
0.224579
0.224579
0.224579
0.224579
0.224579
0.224579
0.224579
0.224579
0.224579
0.224579
0.224579
0.224579
0.224579
0.224579
0.224579
0.224579
0.224579
0.226398
0.224579
0.225789
0.224579
0.401331
0.224589
0.224580
0.224579
0.224579
0.224579
0.224579
0.224579
0.224579
0.224579
0.224579
0.224579
0.400348
0.224589
0.224579
0.224579
0.224580
0.224579
0.224580
0.224579
0.400321
0.224589
0.224580
0.224579
0.226063
0.224579
0.224579
0.224579
0.224589
0.224580
0.224580
0.224579
0.224579
0.224579
0.224580
0.224579
0.224580
0.224579
0.224579
0.224579
0.669330
0.224579
0.355347
0.224579
0.669330
0.224579
0.290803
0.224579
0.669330
0.224579
0.290803
0.224579
0.224579
0.224579
0.224579
0.224579
0.224579
0.224579
0.225789
0.224579
0.449159
0.224589
0.224579
0.224579
0.232935
0.224579
0.224579
0.224579
0.224579
0.224579
0.449159
0.224589
0.224579
0.224579
0.224579
0.224579
0.400349
0.224589
0.224579
0.224579
0.449159
0.224589
0.449159
0.224589
0.232935
0.224579
0.224579
0.224579
0.225789
0.224579
0.449159
0.224589
0.224579
0.224579
0.224579
0.224579
0.400349
0.224589
0.224579
0.224579
0.224579
0.224579
0.224579
0.224579
0.224579
0.224579
0.232935
0.224579
0.232935
0.224579
0.224579
0.224579
0.225789
0.224579
0.449159
0.224589
0.400321
0.224589
0.224579
0.224579
0.449159
0.224589
0.225789
0.224579
0.225789
0.224579
0.729427
0.685997
0.449159
0.224589
0.449159
0.224589
0.224579
0.224579
0.224579
0.224579
0.232935
0.224579
0.695664
0.453970
0.729427
0.453970
0.729427
0.685997
0.786183
0.224588
0.505075
0.224579
0.669330
0.224579
0.505075
0.224579
0.669330
0.224579
0.505075
0.224579
0.224579
0.224579
0.224579
0.291743
0.454640
0.282095
0.239396
0.270901
0.273317
0.270901
0.224579
0.318835
0.523331
0.373955
1.000000
0.445832
0.418498
0.445832
0.224579
0.224638
0.224684
0.224631
0.224591
0.224624
0.224626
0.224624
