0.259000
0.241491
0.241491
0.241491
0.482982
0.241501
0.241491
0.241491
0.241491
0.241491
0.241491
0.241491
0.482982
0.241501
0.241491
0.241491
0.242796
0.241491
0.241491
0.241491
0.482982
0.241501
0.241491
0.241491
0.241491
0.241491
0.241491
0.241491
0.241491
0.241491
0.430482
0.241501
0.431554
0.241501
0.241491
0.241491
0.248886
0.241491
0.242796
0.241491
0.241491
0.241491
0.430484
0.241501
0.242796
0.241491
0.431554
0.241501
0.241491
0.241491
0.241491
0.241491
0.242796
0.241491
0.430483
0.241501
0.482982
0.241501
0.431554
0.241501
0.482982
0.241501
0.242796
0.241491
0.482982
0.241501
0.241491
0.241491
0.242796
0.241491
0.430427
0.241501
0.241491
0.241491
0.241491
0.241501
0.482982
0.241501
0.482982
0.241501
0.482982
0.241501
0.241491
0.241501
0.241491
0.241491
0.482982
0.241501
0.241491
0.241491
0.241491
0.241491
0.241491
0.241501
0.241491
0.241491
0.241491
0.241491
0.241491
0.241491
0.482982
0.241501
0.241491
0.241491
0.241491
0.241491
0.241491
0.241501
0.241491
0.241491
0.241491
0.241491
0.242796
0.241491
0.241491
0.241491
0.482982
0.241501
0.241491
0.241491
0.241491
0.241491
0.241491
0.241491
0.430465
0.241501
0.242796
0.241491
0.433244
0.241501
0.482982
0.241501
0.241491
0.241491
0.432557
0.241501
0.241491
0.241491
0.241491
0.241491
0.482982
0.241501
0.241491
0.241491
0.482982
0.241501
0.482982
0.241501
0.430465
0.241501
0.431554
0.241501
0.482982
0.241501
0.432558
0.241501
0.433245
0.241501
0.241491
0.241491
0.433244
0.241501
0.432546
0.241501
0.432546
0.241501
0.432559
0.241501
0.241491
0.241491
0.432546
0.241501
0.433244
0.241501
0.482982
0.241501
0.482982
0.241501
0.432558
0.241501
0.241532
0.241491
0.430352
0.241501
0.430334
0.241501
0.432558
0.241501
0.587916
0.241491
0.241491
0.241491
0.433195
0.241501
0.430334
0.241501
0.430350
0.241501
0.432559
0.241501
0.241491
0.241491
0.430350
0.241501
0.433195
0.241501
0.482982
0.241501
0.482982
0.241501
0.432558
0.241501
0.241491
0.241491
0.241491
0.241491
0.433195
0.241501
0.430334
0.241501
0.430350
0.241501
0.432559
0.241501
0.241491
0.241491
0.430350
0.241501
0.433195
0.241501
0.482982
0.241501
0.482982
0.241501
0.432558
0.241501
0.433195
0.241501
0.242791
0.241491
0.242791
0.241491
0.482982
0.241501
0.390029
0.241491
0.243812
0.241491
0.241491
0.241491
0.482982
0.241501
0.430350
0.241501
0.430334
0.241501
0.482982
0.241501
0.482982
0.241501
0.433195
0.241501
0.241491
0.241501
0.241491
0.241491
0.433195
0.241501
0.241491
0.241491
0.241491
0.241491
0.241491
0.241491
0.433245
0.241501
0.482982
0.241501
0.433195
0.241501
0.241491
0.241491
0.433245
0.241501
0.482982
0.241501
0.432559
0.241501
0.241491
0.241491
0.433195
0.241501
0.241491
0.241491
0.241491
0.241491
0.241491
0.241491
0.433245
0.241501
0.430342
0.241501
0.433195
0.241501
0.241491
0.241491
0.241491
0.241491
0.433245
0.241501
0.482982
0.241501
0.241494
0.241491
0.241492
0.241491
0.482982
0.241501
0.242791
0.241491
0.241491
0.241491
0.241491
0.241491
0.000000
0.241481
0.482982
0.241501
0.241491
0.241491
0.241491
0.241491
0.241491
0.241491
0.241491
0.241491
0.241491
0.241491
0.241491
0.241491
0.241491
0.241491
0.241491
0.241491
0.241491
0.241491
0.241491
0.241491
0.241491
0.241491
0.243447
0.241491
0.242791
0.241491
0.431553
0.241501
0.241492
0.241491
0.241491
0.241491
0.241491
0.241491
0.241491
0.241491
0.241491
0.241491
0.430496
0.241501
0.241491
0.241491
0.241492
0.241491
0.241492
0.241491
0.430467
0.241501
0.241492
0.241491
0.243086
0.241491
0.241491
0.241491
0.241501
0.241491
0.241491
0.241491
0.241491
0.241491
0.241492
0.241491
0.241492
0.241491
0.241491
0.241491
0.719734
0.241491
0.382107
0.241491
0.719734
0.241491
0.312701
0.241491
0.719734
0.241491
0.312701
0.241491
0.241491
0.241491
0.241491
0.241491
0.241491
0.241491
0.242791
0.241491
0.482983
0.241501
0.241491
0.241491
0.250348
0.241491
0.241491
0.241491
0.241491
0.241491
0.482983
0.241501
0.241491
0.241491
0.241491
0.241491
0.430497
0.241501
0.241491
0.241491
0.482982
0.241501
0.482982
0.241501
0.250348
0.241491
0.241491
0.241491
0.242791
0.241491
0.482983
0.241501
0.241491
0.241491
0.241491
0.241491
0.430497
0.241501
0.241491
0.241491
0.241491
0.241491
0.241491
0.241491
0.241491
0.241491
0.250348
0.241491
0.250348
0.241491
0.241491
0.241491
0.242791
0.241491
0.482983
0.241501
0.430467
0.241501
0.241491
0.241491
0.482982
0.241501
0.242791
0.241491
0.242792
0.241491
0.784356
0.737656
0.482982
0.241501
0.482982
0.241501
0.241491
0.241491
0.241491
0.241491
0.250348
0.241491
0.748051
0.488156
0.784356
0.488156
0.784356
0.737656
0.845386
0.241500
0.543109
0.241491
0.719734
0.241491
0.543109
0.241491
0.719734
0.241491
0.543109
0.241491
0.241491
0.241491
0.241491
0.377697
0.729532
0.363501
0.292393
0.338507
0.349670
0.338507
0.241491
0.291648
0.389177
0.315334
1.000000
0.366545
0.323883
0.366545
0.241491
0.241566
0.241632
0.241561
0.241511
0.241551
0.241555
0.241551
