0.268899
0.237069
0.237069
0.237069
0.474138
0.237079
0.237069
0.237069
0.237069
0.237069
0.237069
0.237069
0.474139
0.237079
0.237069
0.237069
0.238350
0.237069
0.237069
0.237069
0.474138
0.237079
0.237069
0.237069
0.237069
0.237069
0.237069
0.237069
0.237069
0.237069
0.422600
0.237079
0.423652
0.237079
0.237069
0.237069
0.244329
0.237069
0.238350
0.237069
0.237069
0.237069
0.422602
0.237079
0.238350
0.237069
0.423652
0.237079
0.237069
0.237069
0.237069
0.237069
0.238350
0.237069
0.422601
0.237079
0.474138
0.237079
0.423652
0.237079
0.474139
0.237079
0.238350
0.237069
0.474139
0.237079
0.237069
0.237069
0.238350
0.237069
0.422546
0.237079
0.237069
0.237069
0.237069
0.237079
0.474138
0.237079
0.474139
0.237079
0.474139
0.237079
0.237069
0.237079
0.237069
0.237069
0.474139
0.237079
0.237069
0.237069
0.237069
0.237069
0.237069
0.237079
0.237069
0.237069
0.237069
0.237069
0.237069
0.237069
0.474139
0.237079
0.237069
0.237069
0.237069
0.237069
0.237069
0.237079
0.237069
0.237069
0.237069
0.237069
0.238350
0.237069
0.237069
0.237069
0.474139
0.237079
0.237069
0.237069
0.237069
0.237069
0.237069
0.237069
0.422583
0.237079
0.238350
0.237069
0.425311
0.237079
0.474139
0.237079
0.237069
0.237069
0.424637
0.237079
0.237069
0.237069
0.237069
0.237069
0.474139
0.237079
0.237069
0.237069
0.474139
0.237079
0.474139
0.237079
0.422583
0.237079
0.423652
0.237079
0.474139
0.237079
0.424638
0.237079
0.425312
0.237079
0.237069
0.237069
0.425312
0.237079
0.424626
0.237079
0.424626
0.237079
0.424639
0.237079
0.237069
0.237069
0.424626
0.237079
0.425312
0.237079
0.474139
0.237079
0.474139
0.237079
0.424638
0.237079
0.237110
0.237069
0.422473
0.237079
0.422454
0.237079
0.424638
0.237079
0.577152
0.237069
0.237070
0.237069
0.425263
0.237079
0.422454
0.237079
0.422471
0.237079
0.424639
0.237079
0.237070
0.237069
0.422471
0.237079
0.425263
0.237079
0.474139
0.237079
0.474139
0.237079
0.424638
0.237079
0.237069
0.237069
0.237069
0.237069
0.425263
0.237079
0.422454
0.237079
0.422471
0.237079
0.424639
0.237079
0.237069
0.237069
0.422471
0.237079
0.425263
0.237079
0.474139
0.237079
0.474139
0.237079
0.424638
0.237079
0.425263
0.237079
0.238346
0.237069
0.238345
0.237069
0.474139
0.237079
0.382888
0.237069
0.239348
0.237069
0.237069
0.237069
0.474139
0.237079
0.422471
0.237079
0.422454
0.237079
0.474139
0.237079
0.474139
0.237079
0.425263
0.237079
0.237069
0.237079
0.237069
0.237069
0.425263
0.237079
0.237069
0.237069
0.237069
0.237069
0.237069
0.237069
0.425313
0.237079
0.474139
0.237079
0.425263
0.237079
0.237069
0.237069
0.425312
0.237079
0.474139
0.237079
0.424639
0.237079
0.237069
0.237069
0.425263
0.237079
0.237069
0.237069
0.237069
0.237069
0.237069
0.237069
0.425312
0.237079
0.422463
0.237079
0.425263
0.237079
0.237070
0.237069
0.237069
0.237069
0.425313
0.237079
0.474139
0.237079
0.237072
0.237069
0.237071
0.237069
0.474139
0.237079
0.238346
0.237069
0.237069
0.237069
0.237069
0.237069
0.000000
0.237059
0.474139
0.237079
0.237069
0.237069
0.237069
0.237069
0.237069
0.237069
0.237069
0.237069
0.237069
0.237069
0.237069
0.237069
0.237069
0.237069
0.237069
0.237069
0.237069
0.237069
0.237069
0.237069
0.237069
0.237069
0.238989
0.237069
0.238346
0.237069
0.423651
0.237079
0.237071
0.237069
0.237069
0.237069
0.237069
0.237069
0.237069
0.237069
0.237069
0.237069
0.422614
0.237079
0.237069
0.237069
0.237071
0.237069
0.237071
0.237069
0.422585
0.237079
0.237070
0.237069
0.238636
0.237069
0.237069
0.237069
0.237079
0.237070
0.237070
0.237069
0.237069
0.237069
0.237070
0.237069
0.237071
0.237069
0.237069
0.237069
0.706556
0.237069
0.375110
0.237069
0.706556
0.237069
0.306976
0.237069
0.706556
0.237069
0.306976
0.237069
0.237069
0.237069
0.237069
0.237069
0.237069
0.237069
0.238346
0.237069
0.474139
0.237079
0.237069
0.237069
0.245896
0.237069
0.237069
0.237069
0.237069
0.237069
0.474139
0.237079
0.237069
0.237069
0.237069
0.237069
0.422614
0.237079
0.237069
0.237069
0.474139
0.237079
0.474139
0.237079
0.245896
0.237069
0.237069
0.237069
0.238346
0.237069
0.474139
0.237079
0.237069
0.237069
0.237069
0.237069
0.422614
0.237079
0.237069
0.237069
0.237069
0.237069
0.237069
0.237069
0.237069
0.237069
0.245896
0.237069
0.245896
0.237069
0.237069
0.237069
0.238346
0.237069
0.474139
0.237079
0.422586
0.237079
0.237069
0.237069
0.474139
0.237079
0.238346
0.237069
0.238347
0.237069
0.769995
0.724149
0.474139
0.237079
0.474139
0.237079
0.237069
0.237069
0.237069
0.237069
0.245896
0.237069
0.734354
0.479218
0.769995
0.479218
0.769995
0.724149
0.829907
0.237078
0.533165
0.237069
0.706556
0.237069
0.533165
0.237069
0.706555
0.237069
0.533165
0.237069
0.237069
0.237069
0.237069
0.355468
0.780416
0.372906
0.269497
0.336418
0.331536
0.336418
0.237069
0.318343
0.340286
0.288677
1.000000
0.337924
0.364099
0.337924
0.237069
0.237140
0.237220
0.237145
0.237085
0.237131
0.237129
0.237131
