0.241343
0.220610
0.220610
0.220610
0.441219
0.220619
0.220610
0.220610
0.220610
0.220610
0.220610
0.220610
0.441219
0.220619
0.220610
0.220610
0.221801
0.220610
0.220610
0.220610
0.441219
0.220619
0.220610
0.220610
0.220610
0.220610
0.220610
0.220610
0.220610
0.220610
0.393259
0.220619
0.394238
0.220619
0.220610
0.220610
0.227365
0.220610
0.221801
0.220610
0.220610
0.220610
0.393260
0.220619
0.221801
0.220610
0.394238
0.220619
0.220610
0.220610
0.220610
0.220610
0.221801
0.220610
0.393259
0.220619
0.441219
0.220619
0.394238
0.220619
0.441219
0.220619
0.221801
0.220610
0.441219
0.220619
0.220610
0.220610
0.221801
0.220610
0.393209
0.220619
0.220610
0.220610
0.220610
0.220619
0.441219
0.220619
0.441219
0.220619
0.441219
0.220619
0.220610
0.220619
0.220610
0.220610
0.441219
0.220619
0.220610
0.220610
0.220610
0.220610
0.220610
0.220619
0.220610
0.220610
0.220610
0.220610
0.220610
0.220610
0.441219
0.220619
0.220610
0.220610
0.220610
0.220610
0.220610
0.220619
0.220610
0.220610
0.220610
0.220610
0.221801
0.220610
0.220610
0.220610
0.441219
0.220619
0.220610
0.220610
0.220610
0.220610
0.220610
0.220610
0.393243
0.220619
0.221801
0.220610
0.395781
0.220619
0.441219
0.220619
0.220610
0.220610
0.395154
0.220619
0.220610
0.220610
0.220610
0.220610
0.441219
0.220619
0.220610
0.220610
0.441219
0.220619
0.441219
0.220619
0.393243
0.220619
0.394238
0.220619
0.441219
0.220619
0.395155
0.220619
0.395783
0.220619
0.220610
0.220610
0.395782
0.220619
0.395144
0.220619
0.395144
0.220619
0.395156
0.220619
0.220610
0.220610
0.395144
0.220619
0.395782
0.220619
0.441219
0.220619
0.441219
0.220619
0.395155
0.220619
0.220647
0.220610
0.393140
0.220619
0.393123
0.220619
0.395155
0.220619
0.537080
0.220610
0.220610
0.220610
0.395737
0.220619
0.393123
0.220619
0.393138
0.220619
0.395156
0.220619
0.220610
0.220610
0.393138
0.220619
0.395737
0.220619
0.441219
0.220619
0.441219
0.220619
0.395155
0.220619
0.220610
0.220610
0.220610
0.220610
0.395737
0.220619
0.393123
0.220619
0.393138
0.220619
0.395156
0.220619
0.220610
0.220610
0.393138
0.220619
0.395737
0.220619
0.441219
0.220619
0.441219
0.220619
0.395155
0.220619
0.395737
0.220619
0.221797
0.220610
0.221797
0.220610
0.441219
0.220619
0.356304
0.220610
0.222730
0.220610
0.220610
0.220610
0.441219
0.220619
0.393138
0.220619
0.393123
0.220619
0.441219
0.220619
0.441219
0.220619
0.395737
0.220619
0.220610
0.220619
0.220610
0.220610
0.395737
0.220619
0.220610
0.220610
0.220610
0.220610
0.220610
0.220610
0.395783
0.220619
0.441219
0.220619
0.395737
0.220619
0.220610
0.220610
0.395783
0.220619
0.441219
0.220619
0.395156
0.220619
0.220610
0.220610
0.395737
0.220619
0.220610
0.220610
0.220610
0.220610
0.220610
0.220610
0.395783
0.220619
0.393131
0.220619
0.395737
0.220619
0.220610
0.220610
0.220610
0.220610
0.395783
0.220619
0.441219
0.220619
0.220612
0.220610
0.220611
0.220610
0.441219
0.220619
0.221797
0.220610
0.220610
0.220610
0.220610
0.220610
0.000000
0.220600
0.441219
0.220619
0.220610
0.220610
0.220610
0.220610
0.220610
0.220610
0.220610
0.220610
0.220610
0.220610
0.220610
0.220610
0.220610
0.220610
0.220610
0.220610
0.220610
0.220610
0.220610
0.220610
0.220610
0.220610
0.222396
0.220610
0.221797
0.220610
0.394237
0.220619
0.220611
0.220610
0.220610
0.220610
0.220610
0.220610
0.220610
0.220610
0.220610
0.220610
0.393272
0.220619
0.220610
0.220610
0.220611
0.220610
0.220611
0.220610
0.393245
0.220619
0.220610
0.220610
0.222067
0.220610
0.220610
0.220610
0.220619
0.220610
0.220610
0.220610
0.220610
0.220610
0.220610
0.220610
0.220611
0.220610
0.220610
0.220610
0.657499
0.220610
0.349066
0.220610
0.657499
0.220610
0.285662
0.220610
0.657499
0.220610
0.285662
0.220610
0.220610
0.220610
0.220610
0.220610
0.220610
0.220610
0.221797
0.220610
0.441219
0.220619
0.220610
0.220610
0.228578
0.220610
0.220610
0.220610
0.220610
0.220610
0.441219
0.220619
0.220610
0.220610
0.220610
0.220610
0.393272
0.220619
0.220610
0.220610
0.441219
0.220619
0.441219
0.220619
0.228578
0.220610
0.220610
0.220610
0.221797
0.220610
0.441219
0.220619
0.220610
0.220610
0.220610
0.220610
0.393272
0.220619
0.220610
0.220610
0.220610
0.220610
0.220610
0.220610
0.220610
0.220610
0.228578
0.220610
0.228578
0.220610
0.220610
0.220610
0.221797
0.220610
0.441219
0.220619
0.393245
0.220619
0.220610
0.220610
0.441219
0.220619
0.221797
0.220610
0.221798
0.220610
0.716534
0.673871
0.441219
0.220619
0.441219
0.220619
0.220610
0.220610
0.220610
0.220610
0.228578
0.220610
0.683367
0.445945
0.716534
0.445946
0.716534
0.673871
0.772286
0.220618
0.496147
0.220610
0.657499
0.220610
0.496147
0.220610
0.657499
0.220610
0.496147
0.220610
0.220610
0.220610
0.220610
0.285102
0.470384
0.283053
0.230740
0.269058
0.271548
0.269058
0.220610
0.335226
0.478471
0.349540
1.000000
0.445005
0.410705
0.445005
0.220610
0.220666
0.220720
0.220665
0.220620
0.220655
0.220657
0.220655
