0.174855
0.160820
0.160820
0.160820
0.321640
0.160827
0.160820
0.160820
0.160820
0.160820
0.160820
0.160820
0.321640
0.160827
0.160820
0.160820
0.161689
0.160820
0.160820
0.160820
0.321640
0.160827
0.160820
0.160820
0.160820
0.160820
0.160820
0.160820
0.160820
0.160820
0.286678
0.160827
0.287391
0.160827
0.160820
0.160820
0.165744
0.160820
0.161689
0.160820
0.160820
0.160820
0.286679
0.160827
0.161689
0.160820
0.287391
0.160827
0.160820
0.160820
0.160820
0.160820
0.161689
0.160820
0.286678
0.160827
0.321640
0.160827
0.287391
0.160827
0.321640
0.160827
0.161689
0.160820
0.321640
0.160827
0.160820
0.160820
0.161689
0.160820
0.286641
0.160827
0.160820
0.160820
0.160820
0.160827
0.321640
0.160827
0.321640
0.160827
0.321640
0.160827
0.160820
0.160827
0.160820
0.160820
0.321640
0.160827
0.160820
0.160820
0.160820
0.160820
0.160820
0.160827
0.160820
0.160820
0.160820
0.160820
0.160820
0.160820
0.321640
0.160827
0.160820
0.160820
0.160820
0.160820
0.160820
0.160827
0.160820
0.160820
0.160820
0.160820
0.161689
0.160820
0.160820
0.160820
0.321640
0.160827
0.160820
0.160820
0.160820
0.160820
0.160820
0.160820
0.286666
0.160827
0.161689
0.160820
0.288517
0.160827
0.321640
0.160827
0.160820
0.160820
0.288059
0.160827
0.160820
0.160820
0.160820
0.160820
0.321640
0.160827
0.160820
0.160820
0.321640
0.160827
0.321640
0.160827
0.286666
0.160827
0.287391
0.160827
0.321640
0.160827
0.288060
0.160827
0.288518
0.160827
0.160820
0.160820
0.288517
0.160827
0.288052
0.160827
0.288052
0.160827
0.288061
0.160827
0.160820
0.160820
0.288052
0.160827
0.288517
0.160827
0.321640
0.160827
0.321640
0.160827
0.288060
0.160827
0.160847
0.160820
0.286591
0.160827
0.286579
0.160827
0.288060
0.160827
0.391520
0.160820
0.160820
0.160820
0.288484
0.160827
0.286579
0.160827
0.286590
0.160827
0.288061
0.160827
0.160820
0.160820
0.286590
0.160827
0.288484
0.160827
0.321640
0.160827
0.321640
0.160827
0.288060
0.160827
0.160820
0.160820
0.160820
0.160820
0.288484
0.160827
0.286579
0.160827
0.286590
0.160827
0.288061
0.160827
0.160820
0.160820
0.286590
0.160827
0.288484
0.160827
0.321640
0.160827
0.321640
0.160827
0.288060
0.160827
0.288484
0.160827
0.161686
0.160820
0.161685
0.160820
0.321640
0.160827
0.259738
0.160820
0.162365
0.160820
0.160820
0.160820
0.321640
0.160827
0.286590
0.160827
0.286579
0.160827
0.321640
0.160827
0.321640
0.160827
0.288484
0.160827
0.160820
0.160827
0.160820
0.160820
0.288484
0.160827
0.160820
0.160820
0.160820
0.160820
0.160820
0.160820
0.288518
0.160827
0.321640
0.160827
0.288484
0.160827
0.160820
0.160820
0.288518
0.160827
0.321640
0.160827
0.288061
0.160827
0.160820
0.160820
0.288484
0.160827
0.160820
0.160820
0.160820
0.160820
0.160820
0.160820
0.288518
0.160827
0.286584
0.160827
0.288484
0.160827
0.160820
0.160820
0.160820
0.160820
0.288518
0.160827
0.321640
0.160827
0.160822
0.160820
0.160821
0.160820
0.321640
0.160827
0.161686
0.160820
0.160820
0.160820
0.160820
0.160820
0.000000
0.160813
0.321640
0.160827
0.160820
0.160820
0.160820
0.160820
0.160820
0.160820
0.160820
0.160820
0.160820
0.160820
0.160820
0.160820
0.160820
0.160820
0.160820
0.160820
0.160820
0.160820
0.160820
0.160820
0.160820
0.160820
0.162122
0.160820
0.161686
0.160820
0.287391
0.160827
0.160821
0.160820
0.160820
0.160820
0.160820
0.160820
0.160820
0.160820
0.160820
0.160820
0.286687
0.160827
0.160820
0.160820
0.160821
0.160820
0.160821
0.160820
0.286668
0.160827
0.160820
0.160820
0.161882
0.160820
0.160820
0.160820
0.160827
0.160820
0.160820
0.160820
0.160820
0.160820
0.160820
0.160820
0.160821
0.160820
0.160820
0.160820
0.479304
0.160820
0.254462
0.160820
0.479304
0.160820
0.208242
0.160820
0.479304
0.160820
0.208242
0.160820
0.160820
0.160820
0.160820
0.160820
0.160820
0.160820
0.161686
0.160820
0.321640
0.160827
0.160820
0.160820
0.166739
0.160820
0.160820
0.160820
0.160820
0.160820
0.321640
0.160827
0.160820
0.160820
0.160820
0.160820
0.286687
0.160827
0.160820
0.160820
0.321640
0.160827
0.321640
0.160827
0.166739
0.160820
0.160820
0.160820
0.161686
0.160820
0.321640
0.160827
0.160820
0.160820
0.160820
0.160820
0.286687
0.160827
0.160820
0.160820
0.160820
0.160820
0.160820
0.160820
0.160820
0.160820
0.166739
0.160820
0.166739
0.160820
0.160820
0.160820
0.161686
0.160820
0.321640
0.160827
0.286668
0.160827
0.160820
0.160820
0.321640
0.160827
0.161686
0.160820
0.161686
0.160820
0.522339
0.491239
0.321640
0.160827
0.321640
0.160827
0.160820
0.160820
0.160820
0.160820
0.166739
0.160820
0.498161
0.325085
0.522339
0.325086
0.522339
0.491239
0.562981
0.160826
0.361681
0.160820
0.479304
0.160820
0.361681
0.160820
0.479303
0.160820
0.361681
0.160820
0.160820
0.160820
0.160820
0.201220
0.347580
0.207510
0.169198
0.192749
0.195390
0.192749
0.160820
0.234918
0.261663
0.211242
1.000000
0.284683
0.252204
0.284683
0.160820
0.160862
0.160911
0.160866
0.160828
0.160856
0.160858
0.160856
