0.184676
0.170273
0.170273
0.170273
0.340546
0.170280
0.170273
0.170273
0.170273
0.170273
0.170273
0.170273
0.340546
0.170280
0.170273
0.170273
0.171193
0.170273
0.170273
0.170273
0.340546
0.170280
0.170273
0.170273
0.170273
0.170273
0.170273
0.170273
0.170273
0.170273
0.303529
0.170280
0.304284
0.170280
0.170273
0.170273
0.175487
0.170273
0.171193
0.170273
0.170273
0.170273
0.303530
0.170280
0.171193
0.170273
0.304284
0.170280
0.170273
0.170273
0.170273
0.170273
0.171193
0.170273
0.303529
0.170280
0.340546
0.170280
0.304284
0.170280
0.340546
0.170280
0.171193
0.170273
0.340546
0.170280
0.170273
0.170273
0.171193
0.170273
0.303490
0.170280
0.170273
0.170273
0.170273
0.170280
0.340546
0.170280
0.340546
0.170280
0.340546
0.170280
0.170273
0.170280
0.170273
0.170273
0.340546
0.170280
0.170273
0.170273
0.170273
0.170273
0.170273
0.170280
0.170273
0.170273
0.170273
0.170273
0.170273
0.170273
0.340546
0.170280
0.170273
0.170273
0.170273
0.170273
0.170273
0.170280
0.170273
0.170273
0.170273
0.170273
0.171193
0.170273
0.170273
0.170273
0.340546
0.170280
0.170273
0.170273
0.170273
0.170273
0.170273
0.170273
0.303516
0.170280
0.171193
0.170273
0.305476
0.170280
0.340546
0.170280
0.170273
0.170273
0.304991
0.170280
0.170273
0.170273
0.170273
0.170273
0.340546
0.170280
0.170273
0.170273
0.340546
0.170280
0.340546
0.170280
0.303516
0.170280
0.304284
0.170280
0.340546
0.170280
0.304992
0.170280
0.305477
0.170280
0.170273
0.170273
0.305476
0.170280
0.304984
0.170280
0.304984
0.170280
0.304993
0.170280
0.170273
0.170273
0.304984
0.170280
0.305476
0.170280
0.340546
0.170280
0.340546
0.170280
0.304993
0.170280
0.170302
0.170273
0.303437
0.170280
0.303424
0.170280
0.304992
0.170280
0.414534
0.170273
0.170273
0.170273
0.305441
0.170280
0.303424
0.170280
0.303436
0.170280
0.304993
0.170280
0.170273
0.170273
0.303436
0.170280
0.305441
0.170280
0.340546
0.170280
0.340546
0.170280
0.304992
0.170280
0.170273
0.170273
0.170273
0.170273
0.305441
0.170280
0.303424
0.170280
0.303436
0.170280
0.304993
0.170280
0.170273
0.170273
0.303436
0.170280
0.305441
0.170280
0.340546
0.170280
0.340546
0.170280
0.304993
0.170280
0.305441
0.170280
0.171189
0.170273
0.171189
0.170273
0.340546
0.170280
0.275006
0.170273
0.171909
0.170273
0.170273
0.170273
0.340546
0.170280
0.303436
0.170280
0.303424
0.170280
0.340546
0.170280
0.340546
0.170280
0.305441
0.170280
0.170273
0.170280
0.170273
0.170273
0.305441
0.170280
0.170273
0.170273
0.170273
0.170273
0.170273
0.170273
0.305477
0.170280
0.340546
0.170280
0.305441
0.170280
0.170273
0.170273
0.305477
0.170280
0.340546
0.170280
0.304993
0.170280
0.170273
0.170273
0.305441
0.170280
0.170273
0.170273
0.170273
0.170273
0.170273
0.170273
0.305477
0.170280
0.303430
0.170280
0.305441
0.170280
0.170273
0.170273
0.170273
0.170273
0.305477
0.170280
0.340546
0.170280
0.170275
0.170273
0.170274
0.170273
0.340546
0.170280
0.171189
0.170273
0.170273
0.170273
0.170273
0.170273
0.000000
0.170266
0.340546
0.170280
0.170273
0.170273
0.170273
0.170273
0.170273
0.170273
0.170273
0.170273
0.170273
0.170273
0.170273
0.170273
0.170273
0.170273
0.170273
0.170273
0.170273
0.170273
0.170273
0.170273
0.170273
0.170273
0.171652
0.170273
0.171190
0.170273
0.304284
0.170280
0.170274
0.170273
0.170273
0.170273
0.170273
0.170273
0.170273
0.170273
0.170273
0.170273
0.303539
0.170280
0.170273
0.170273
0.170274
0.170273
0.170274
0.170273
0.303518
0.170280
0.170273
0.170273
0.171398
0.170273
0.170273
0.170273
0.170280
0.170273
0.170273
0.170273
0.170273
0.170273
0.170273
0.170273
0.170274
0.170273
0.170273
0.170273
0.507477
0.170273
0.269420
0.170273
0.507477
0.170273
0.220483
0.170273
0.507477
0.170273
0.220483
0.170273
0.170273
0.170273
0.170273
0.170273
0.170273
0.170273
0.171190
0.170273
0.340546
0.170280
0.170273
0.170273
0.176536
0.170273
0.170273
0.170273
0.170273
0.170273
0.340546
0.170280
0.170273
0.170273
0.170273
0.170273
0.303539
0.170280
0.170273
0.170273
0.340546
0.170280
0.340546
0.170280
0.176536
0.170273
0.170273
0.170273
0.171190
0.170273
0.340546
0.170280
0.170273
0.170273
0.170273
0.170273
0.303539
0.170280
0.170273
0.170273
0.170273
0.170273
0.170273
0.170273
0.170273
0.170273
0.176536
0.170273
0.176536
0.170273
0.170273
0.170273
0.171190
0.170273
0.340546
0.170280
0.303518
0.170280
0.170273
0.170273
0.340546
0.170280
0.171190
0.170273
0.171190
0.170273
0.553042
0.520114
0.340546
0.170280
0.340546
0.170280
0.170273
0.170273
0.170273
0.170273
0.176536
0.170273
0.527443
0.344194
0.553042
0.344194
0.553042
0.520114
0.596073
0.170279
0.382941
0.170273
0.507477
0.170273
0.382941
0.170273
0.507477
0.170273
0.382941
0.170273
0.170273
0.170273
0.170273
0.206474
0.325267
0.209022
0.176229
0.199776
0.198424
0.199776
0.170273
0.255760
0.310497
0.240385
1.000000
0.292767
0.312937
0.292767
0.170273
0.170316
0.170363
0.170318
0.170280
0.170310
0.170309
0.170310
