0.260205
0.241707
0.241707
0.241707
0.483413
0.241717
0.241707
0.241707
0.241707
0.241707
0.241707
0.241707
0.483414
0.241717
0.241707
0.241707
0.243013
0.241707
0.241707
0.241707
0.483413
0.241717
0.241707
0.241707
0.241707
0.241707
0.241707
0.241707
0.241707
0.241707
0.430866
0.241717
0.431939
0.241717
0.241707
0.241707
0.249108
0.241707
0.243013
0.241707
0.241707
0.241707
0.430868
0.241717
0.243013
0.241707
0.431939
0.241717
0.241707
0.241707
0.241707
0.241707
0.243013
0.241707
0.430867
0.241717
0.483413
0.241717
0.431939
0.241717
0.483414
0.241717
0.243013
0.241707
0.483414
0.241717
0.241707
0.241707
0.243013
0.241707
0.430812
0.241717
0.241707
0.241707
0.241707
0.241717
0.483413
0.241717
0.483413
0.241717
0.483413
0.241717
0.241707
0.241717
0.241707
0.241707
0.483413
0.241717
0.241707
0.241707
0.241707
0.241707
0.241707
0.241717
0.241707
0.241707
0.241707
0.241707
0.241707
0.241707
0.483413
0.241717
0.241707
0.241707
0.241707
0.241707
0.241707
0.241717
0.241707
0.241707
0.241707
0.241707
0.243013
0.241707
0.241707
0.241707
0.483413
0.241717
0.241707
0.241707
0.241707
0.241707
0.241707
0.241707
0.430849
0.241717
0.243013
0.241707
0.433631
0.241717
0.483413
0.241717
0.241707
0.241707
0.432943
0.241717
0.241707
0.241707
0.241707
0.241707
0.483413
0.241717
0.241707
0.241707
0.483414
0.241717
0.483414
0.241717
0.430849
0.241717
0.431939
0.241717
0.483413
0.241717
0.432945
0.241717
0.433632
0.241717
0.241707
0.241707
0.433631
0.241717
0.432932
0.241717
0.432933
0.241717
0.432945
0.241717
0.241707
0.241707
0.432933
0.241717
0.433631
0.241717
0.483413
0.241717
0.483413
0.241717
0.432945
0.241717
0.241748
0.241707
0.430737
0.241717
0.430718
0.241717
0.432945
0.241717
0.588441
0.241707
0.241707
0.241707
0.433582
0.241717
0.430718
0.241717
0.430735
0.241717
0.432945
0.241717
0.241707
0.241707
0.430735
0.241717
0.433582
0.241717
0.483413
0.241717
0.483413
0.241717
0.432945
0.241717
0.241707
0.241707
0.241707
0.241707
0.433582
0.241717
0.430718
0.241717
0.430735
0.241717
0.432945
0.241717
0.241707
0.241707
0.430735
0.241717
0.433582
0.241717
0.483413
0.241717
0.483413
0.241717
0.432945
0.241717
0.433582
0.241717
0.243008
0.241707
0.243008
0.241707
0.483413
0.241717
0.390377
0.241707
0.244030
0.241707
0.241707
0.241707
0.483414
0.241717
0.430735
0.241717
0.430718
0.241717
0.483413
0.241717
0.483414
0.241717
0.433582
0.241717
0.241707
0.241717
0.241707
0.241707
0.433582
0.241717
0.241707
0.241707
0.241707
0.241707
0.241707
0.241707
0.433632
0.241717
0.483414
0.241717
0.433582
0.241717
0.241707
0.241707
0.433632
0.241717
0.483414
0.241717
0.432946
0.241717
0.241707
0.241707
0.433582
0.241717
0.241707
0.241707
0.241707
0.241707
0.241707
0.241707
0.433632
0.241717
0.430727
0.241717
0.433582
0.241717
0.241707
0.241707
0.241707
0.241707
0.433632
0.241717
0.483414
0.241717
0.241709
0.241707
0.241708
0.241707
0.483414
0.241717
0.243008
0.241707
0.241707
0.241707
0.241707
0.241707
0.000000
0.241697
0.483414
0.241717
0.241707
0.241707
0.241707
0.241707
0.241707
0.241707
0.241707
0.241707
0.241707
0.241707
0.241707
0.241707
0.241707
0.241707
0.241707
0.241707
0.241707
0.241707
0.241707
0.241707
0.241707
0.241707
0.243664
0.241707
0.243008
0.241707
0.431938
0.241717
0.241708
0.241707
0.241707
0.241707
0.241707
0.241707
0.241707
0.241707
0.241707
0.241707
0.430881
0.241717
0.241707
0.241707
0.241708
0.241707
0.241708
0.241707
0.430852
0.241717
0.241707
0.241707
0.243304
0.241707
0.241707
0.241707
0.241717
0.241707
0.241707
0.241707
0.241707
0.241707
0.241707
0.241707
0.241708
0.241707
0.241707
0.241707
0.720377
0.241707
0.382448
0.241707
0.720377
0.241707
0.312981
0.241707
0.720377
0.241707
0.312981
0.241707
0.241707
0.241707
0.241707
0.241707
0.241707
0.241707
0.243008
0.241707
0.483414
0.241717
0.241707
0.241707
0.250591
0.241707
0.241707
0.241707
0.241707
0.241707
0.483414
0.241717
0.241707
0.241707
0.241707
0.241707
0.430881
0.241717
0.241707
0.241707
0.483414
0.241717
0.483414
0.241717
0.250591
0.241707
0.241707
0.241707
0.243008
0.241707
0.483414
0.241717
0.241707
0.241707
0.241707
0.241707
0.430881
0.241717
0.241707
0.241707
0.241707
0.241707
0.241707
0.241707
0.241707
0.241707
0.250591
0.241707
0.250591
0.241707
0.241707
0.241707
0.243008
0.241707
0.483414
0.241717
0.430852
0.241717
0.241707
0.241707
0.483414
0.241717
0.243008
0.241707
0.243009
0.241707
0.785057
0.738315
0.483414
0.241717
0.483414
0.241717
0.241707
0.241707
0.241707
0.241707
0.250591
0.241707
0.748719
0.488592
0.785057
0.488592
0.785057
0.738315
0.846141
0.241716
0.543594
0.241707
0.720377
0.241707
0.543594
0.241707
0.720377
0.241707
0.543594
0.241707
0.241707
0.241707
0.241707
0.326594
0.659471
0.346148
0.268326
0.310097
0.319080
0.310097
0.241707
0.330244
0.341284
0.291496
1.000000
0.378486
0.340975
0.378486
0.241707
0.241774
0.241859
0.241783
0.241721
0.241765
0.241770
0.241765
