0.271035
0.247446
0.247446
0.247446
0.494892
0.247457
0.247446
0.247446
0.247446
0.247446
0.247446
0.247446
0.494893
0.247457
0.247446
0.247446
0.248783
0.247446
0.247446
0.247446
0.494892
0.247457
0.247446
0.247446
0.247446
0.247446
0.247446
0.247446
0.247446
0.247446
0.441098
0.247457
0.442196
0.247457
0.247446
0.247446
0.255023
0.247446
0.248783
0.247446
0.247446
0.247446
0.441100
0.247457
0.248783
0.247446
0.442196
0.247457
0.247446
0.247446
0.247446
0.247446
0.248783
0.247446
0.441099
0.247457
0.494892
0.247457
0.442196
0.247457
0.494893
0.247457
0.248783
0.247446
0.494893
0.247457
0.247446
0.247446
0.248783
0.247446
0.441042
0.247457
0.247446
0.247446
0.247446
0.247457
0.494892
0.247457
0.494893
0.247457
0.494892
0.247457
0.247446
0.247457
0.247446
0.247446
0.494893
0.247457
0.247446
0.247446
0.247446
0.247446
0.247446
0.247457
0.247446
0.247446
0.247446
0.247446
0.247446
0.247446
0.494893
0.247457
0.247446
0.247446
0.247446
0.247446
0.247446
0.247457
0.247446
0.247446
0.247446
0.247446
0.248783
0.247446
0.247446
0.247446
0.494893
0.247457
0.247446
0.247446
0.247446
0.247446
0.247446
0.247446
0.441080
0.247457
0.248783
0.247446
0.443928
0.247457
0.494893
0.247457
0.247446
0.247446
0.443224
0.247457
0.247446
0.247446
0.247446
0.247446
0.494893
0.247457
0.247446
0.247446
0.494893
0.247457
0.494893
0.247457
0.441080
0.247457
0.442196
0.247457
0.494892
0.247457
0.443225
0.247457
0.443929
0.247457
0.247446
0.247446
0.443929
0.247457
0.443213
0.247457
0.443213
0.247457
0.443226
0.247457
0.247446
0.247446
0.443213
0.247457
0.443929
0.247457
0.494893
0.247457
0.494893
0.247457
0.443226
0.247457
0.247489
0.247446
0.440965
0.247457
0.440946
0.247457
0.443225
0.247457
0.602415
0.247446
0.247447
0.247446
0.443877
0.247457
0.440946
0.247457
0.440963
0.247457
0.443226
0.247457
0.247447
0.247446
0.440963
0.247457
0.443877
0.247457
0.494893
0.247457
0.494893
0.247457
0.443225
0.247457
0.247446
0.247446
0.247446
0.247446
0.443877
0.247457
0.440946
0.247457
0.440963
0.247457
0.443226
0.247457
0.247446
0.247446
0.440963
0.247457
0.443877
0.247457
0.494893
0.247457
0.494893
0.247457
0.443226
0.247457
0.443878
0.247457
0.248778
0.247446
0.248778
0.247446
0.494893
0.247457
0.399647
0.247446
0.249825
0.247446
0.247446
0.247446
0.494893
0.247457
0.440963
0.247457
0.440946
0.247457
0.494893
0.247457
0.494893
0.247457
0.443878
0.247457
0.247446
0.247457
0.247446
0.247446
0.443878
0.247457
0.247446
0.247446
0.247446
0.247446
0.247446
0.247446
0.443929
0.247457
0.494893
0.247457
0.443878
0.247457
0.247446
0.247446
0.443929
0.247457
0.494893
0.247457
0.443226
0.247457
0.247446
0.247446
0.443878
0.247457
0.247446
0.247446
0.247446
0.247446
0.247446
0.247446
0.443929
0.247457
0.440955
0.247457
0.443877
0.247457
0.247447
0.247446
0.247446
0.247446
0.443929
0.247457
0.494893
0.247457
0.247449
0.247446
0.247448
0.247446
0.494893
0.247457
0.248778
0.247446
0.247446
0.247446
0.247446
0.247446
0.000000
0.247436
0.494893
0.247457
0.247446
0.247446
0.247446
0.247446
0.247446
0.247446
0.247446
0.247446
0.247446
0.247446
0.247446
0.247446
0.247446
0.247446
0.247446
0.247446
0.247446
0.247446
0.247446
0.247446
0.247446
0.247446
0.249450
0.247446
0.248779
0.247446
0.442195
0.247457
0.247448
0.247446
0.247446
0.247446
0.247446
0.247446
0.247446
0.247446
0.247446
0.247446
0.441113
0.247457
0.247446
0.247446
0.247448
0.247446
0.247448
0.247446
0.441083
0.247457
0.247447
0.247446
0.249081
0.247446
0.247446
0.247446
0.247457
0.247447
0.247447
0.247446
0.247446
0.247446
0.247447
0.247446
0.247448
0.247446
0.247446
0.247446
0.737483
0.247446
0.391530
0.247446
0.737483
0.247446
0.320413
0.247446
0.737483
0.247446
0.320413
0.247446
0.247446
0.247446
0.247446
0.247446
0.247446
0.247446
0.248779
0.247446
0.494893
0.247457
0.247446
0.247446
0.256385
0.247446
0.247446
0.247446
0.247446
0.247446
0.494893
0.247457
0.247446
0.247446
0.247446
0.247446
0.441113
0.247457
0.247446
0.247446
0.494893
0.247457
0.494893
0.247457
0.256385
0.247446
0.247446
0.247446
0.248779
0.247446
0.494893
0.247457
0.247446
0.247446
0.247446
0.247446
0.441113
0.247457
0.247446
0.247446
0.247446
0.247446
0.247446
0.247446
0.247446
0.247446
0.256385
0.247446
0.256385
0.247446
0.247446
0.247446
0.248779
0.247446
0.494893
0.247457
0.441083
0.247457
0.247446
0.247446
0.494893
0.247457
0.248779
0.247446
0.248779
0.247446
0.803699
0.755847
0.494893
0.247457
0.494893
0.247457
0.247446
0.247446
0.247446
0.247446
0.256385
0.247446
0.766498
0.500194
0.803699
0.500195
0.803699
0.755847
0.866233
0.247456
0.556503
0.247446
0.737483
0.247446
0.556503
0.247446
0.737483
0.247446
0.556503
0.247446
0.247446
0.247446
0.247446
0.433877
0.988382
0.432680
0.299056
0.408911
0.387796
0.408911
0.247446
0.286380
0.321132
0.284289
1.000000
0.289606
0.330718
0.289606
0.247446
0.247534
0.247619
0.247533
0.247464
0.247525
0.247519
0.247525
