0.210221
0.190756
0.190756
0.190756
0.381513
0.190764
0.190756
0.190756
0.190756
0.190756
0.190756
0.190756
0.381513
0.190764
0.190756
0.190756
0.191787
0.190756
0.190756
0.190756
0.381513
0.190764
0.190756
0.190756
0.190756
0.190756
0.190756
0.190756
0.190756
0.190756
0.340042
0.190764
0.340889
0.190764
0.190756
0.190756
0.196597
0.190756
0.191787
0.190756
0.190756
0.190756
0.340044
0.190764
0.191787
0.190756
0.340889
0.190764
0.190756
0.190756
0.190756
0.190756
0.191787
0.190756
0.340043
0.190764
0.381513
0.190764
0.340889
0.190764
0.381513
0.190764
0.191787
0.190756
0.381513
0.190764
0.190756
0.190756
0.191787
0.190756
0.339999
0.190764
0.190756
0.190756
0.190756
0.190764
0.381513
0.190764
0.381513
0.190764
0.381513
0.190764
0.190756
0.190764
0.190756
0.190756
0.381513
0.190764
0.190756
0.190756
0.190756
0.190756
0.190756
0.190764
0.190756
0.190756
0.190756
0.190756
0.190756
0.190756
0.381513
0.190764
0.190756
0.190756
0.190756
0.190756
0.190756
0.190764
0.190756
0.190756
0.190756
0.190756
0.191787
0.190756
0.190756
0.190756
0.381513
0.190764
0.190756
0.190756
0.190756
0.190756
0.190756
0.190756
0.340029
0.190764
0.191787
0.190756
0.342224
0.190764
0.381513
0.190764
0.190756
0.190756
0.341681
0.190764
0.190756
0.190756
0.190756
0.190756
0.381513
0.190764
0.190756
0.190756
0.381513
0.190764
0.381513
0.190764
0.340029
0.190764
0.340889
0.190764
0.381513
0.190764
0.341683
0.190764
0.342225
0.190764
0.190756
0.190756
0.342225
0.190764
0.341673
0.190764
0.341673
0.190764
0.341683
0.190764
0.190756
0.190756
0.341673
0.190764
0.342225
0.190764
0.381513
0.190764
0.381513
0.190764
0.341683
0.190764
0.190789
0.190756
0.339940
0.190764
0.339925
0.190764
0.341683
0.190764
0.464402
0.190756
0.190757
0.190756
0.342185
0.190764
0.339925
0.190764
0.339938
0.190764
0.341683
0.190764
0.190757
0.190756
0.339938
0.190764
0.342185
0.190764
0.381513
0.190764
0.381513
0.190764
0.341683
0.190764
0.190756
0.190756
0.190756
0.190756
0.342185
0.190764
0.339925
0.190764
0.339938
0.190764
0.341683
0.190764
0.190756
0.190756
0.339938
0.190764
0.342185
0.190764
0.381513
0.190764
0.381513
0.190764
0.341683
0.190764
0.342185
0.190764
0.191783
0.190756
0.191783
0.190756
0.381513
0.190764
0.308088
0.190756
0.192590
0.190756
0.190756
0.190756
0.381513
0.190764
0.339938
0.190764
0.339925
0.190764
0.381513
0.190764
0.381513
0.190764
0.342185
0.190764
0.190756
0.190764
0.190756
0.190756
0.342185
0.190764
0.190756
0.190756
0.190756
0.190756
0.190756
0.190756
0.342225
0.190764
0.381513
0.190764
0.342185
0.190764
0.190756
0.190756
0.342225
0.190764
0.381513
0.190764
0.341683
0.190764
0.190756
0.190756
0.342185
0.190764
0.190756
0.190756
0.190756
0.190756
0.190756
0.190756
0.342225
0.190764
0.339932
0.190764
0.342185
0.190764
0.190757
0.190756
0.190756
0.190756
0.342225
0.190764
0.381513
0.190764
0.190758
0.190756
0.190757
0.190756
0.381513
0.190764
0.191783
0.190756
0.190756
0.190756
0.190756
0.190756
0.000000
0.190748
0.381513
0.190764
0.190756
0.190756
0.190757
0.190756
0.190756
0.190756
0.190756
0.190756
0.190756
0.190756
0.190756
0.190756
0.190756
0.190756
0.190756
0.190756
0.190756
0.190756
0.190756
0.190756
0.190756
0.190756
0.192301
0.190756
0.191784
0.190756
0.340888
0.190764
0.190757
0.190756
0.190756
0.190756
0.190756
0.190756
0.190756
0.190756
0.190756
0.190756
0.340054
0.190764
0.190756
0.190756
0.190757
0.190756
0.190757
0.190756
0.340031
0.190764
0.190757
0.190756
0.192017
0.190756
0.190756
0.190756
0.190765
0.190757
0.190757
0.190756
0.190756
0.190756
0.190757
0.190756
0.190757
0.190756
0.190756
0.190756
0.568526
0.190756
0.301830
0.190756
0.568526
0.190756
0.247006
0.190756
0.568526
0.190756
0.247006
0.190756
0.190756
0.190756
0.190756
0.190756
0.190756
0.190756
0.191784
0.190756
0.381513
0.190764
0.190756
0.190756
0.197803
0.190756
0.190756
0.190756
0.190756
0.190756
0.381513
0.190764
0.190756
0.190756
0.190756
0.190756
0.340054
0.190764
0.190756
0.190756
0.381513
0.190764
0.381513
0.190764
0.197803
0.190756
0.190756
0.190756
0.191784
0.190756
0.381513
0.190764
0.190756
0.190756
0.190756
0.190756
0.340054
0.190764
0.190756
0.190756
0.190756
0.190756
0.190756
0.190756
0.190756
0.190756
0.197803
0.190756
0.197803
0.190756
0.190756
0.190756
0.191784
0.190756
0.381513
0.190764
0.340031
0.190764
0.190756
0.190756
0.381513
0.190764
0.191784
0.190756
0.191784
0.190756
0.619572
0.582682
0.381513
0.190764
0.381513
0.190764
0.190756
0.190756
0.190756
0.190756
0.197803
0.190756
0.590893
0.385600
0.619572
0.385600
0.619572
0.582682
0.667780
0.190764
0.429008
0.190756
0.568526
0.190756
0.429008
0.190756
0.568526
0.190756
0.429008
0.190756
0.190756
0.190756
0.190756
0.248281
0.375447
0.236929
0.200425
0.231776
0.228175
0.231776
0.190756
0.234143
0.354784
0.272770
1.000000
0.280045
0.316703
0.280045
0.190756
0.190813
0.190855
0.190806
0.190766
0.190802
0.190799
0.190802
