0.173606
0.159869
0.159869
0.159869
0.319737
0.159875
0.159869
0.159869
0.159869
0.159869
0.159869
0.159869
0.319737
0.159875
0.159869
0.159869
0.160732
0.159869
0.159869
0.159869
0.319737
0.159875
0.159869
0.159869
0.159869
0.159869
0.159869
0.159869
0.159869
0.159869
0.284982
0.159875
0.285691
0.159875
0.159869
0.159869
0.164764
0.159869
0.160732
0.159869
0.159869
0.159869
0.284983
0.159875
0.160732
0.159869
0.285691
0.159875
0.159869
0.159869
0.159869
0.159869
0.160732
0.159869
0.284982
0.159875
0.319737
0.159875
0.285691
0.159875
0.319737
0.159875
0.160732
0.159869
0.319737
0.159875
0.159869
0.159869
0.160732
0.159869
0.284946
0.159875
0.159869
0.159869
0.159869
0.159875
0.319737
0.159875
0.319737
0.159875
0.319737
0.159875
0.159869
0.159875
0.159869
0.159869
0.319737
0.159875
0.159869
0.159869
0.159869
0.159869
0.159869
0.159875
0.159869
0.159869
0.159869
0.159869
0.159869
0.159869
0.319737
0.159875
0.159869
0.159869
0.159869
0.159869
0.159869
0.159875
0.159869
0.159869
0.159869
0.159869
0.160732
0.159869
0.159869
0.159869
0.319737
0.159875
0.159869
0.159869
0.159869
0.159869
0.159869
0.159869
0.284971
0.159875
0.160732
0.159869
0.286810
0.159875
0.319737
0.159875
0.159869
0.159869
0.286355
0.159875
0.159869
0.159869
0.159869
0.159869
0.319737
0.159875
0.159869
0.159869
0.319737
0.159875
0.319737
0.159875
0.284971
0.159875
0.285691
0.159875
0.319737
0.159875
0.286356
0.159875
0.286811
0.159875
0.159869
0.159869
0.286811
0.159875
0.286348
0.159875
0.286348
0.159875
0.286357
0.159875
0.159869
0.159869
0.286348
0.159875
0.286811
0.159875
0.319737
0.159875
0.319737
0.159875
0.286357
0.159875
0.159896
0.159869
0.284896
0.159875
0.284884
0.159875
0.286356
0.159875
0.389204
0.159869
0.159869
0.159869
0.286778
0.159875
0.284884
0.159875
0.284895
0.159875
0.286357
0.159875
0.159869
0.159869
0.284895
0.159875
0.286778
0.159875
0.319737
0.159875
0.319737
0.159875
0.286356
0.159875
0.159869
0.159869
0.159869
0.159869
0.286778
0.159875
0.284884
0.159875
0.284895
0.159875
0.286357
0.159875
0.159869
0.159869
0.284895
0.159875
0.286778
0.159875
0.319737
0.159875
0.319737
0.159875
0.286357
0.159875
0.286778
0.159875
0.160729
0.159869
0.160729
0.159869
0.319737
0.159875
0.258202
0.159869
0.161405
0.159869
0.159869
0.159869
0.319737
0.159875
0.284895
0.159875
0.284884
0.159875
0.319737
0.159875
0.319737
0.159875
0.286778
0.159875
0.159869
0.159875
0.159869
0.159869
0.286778
0.159875
0.159869
0.159869
0.159869
0.159869
0.159869
0.159869
0.286811
0.159875
0.319737
0.159875
0.286778
0.159875
0.159869
0.159869
0.286811
0.159875
0.319737
0.159875
0.286357
0.159875
0.159869
0.159869
0.286778
0.159875
0.159869
0.159869
0.159869
0.159869
0.159869
0.159869
0.286811
0.159875
0.284889
0.159875
0.286778
0.159875
0.159869
0.159869
0.159869
0.159869
0.286811
0.159875
0.319737
0.159875
0.159870
0.159869
0.159870
0.159869
0.319737
0.159875
0.160729
0.159869
0.159869
0.159869
0.159869
0.159869
0.000000
0.159862
0.319737
0.159875
0.159869
0.159869
0.159869
0.159869
0.159869
0.159869
0.159869
0.159869
0.159869
0.159869
0.159869
0.159869
0.159869
0.159869
0.159869
0.159869
0.159869
0.159869
0.159869
0.159869
0.159869
0.159869
0.161163
0.159869
0.160730
0.159869
0.285691
0.159875
0.159870
0.159869
0.159869
0.159869
0.159869
0.159869
0.159869
0.159869
0.159869
0.159869
0.284991
0.159875
0.159869
0.159869
0.159870
0.159869
0.159870
0.159869
0.284972
0.159875
0.159869
0.159869
0.160925
0.159869
0.159869
0.159869
0.159875
0.159869
0.159869
0.159869
0.159869
0.159869
0.159869
0.159869
0.159870
0.159869
0.159869
0.159869
0.476469
0.159869
0.252957
0.159869
0.476469
0.159869
0.207010
0.159869
0.476469
0.159869
0.207010
0.159869
0.159869
0.159869
0.159869
0.159869
0.159869
0.159869
0.160730
0.159869
0.319738
0.159875
0.159869
0.159869
0.165753
0.159869
0.159869
0.159869
0.159869
0.159869
0.319738
0.159875
0.159869
0.159869
0.159869
0.159869
0.284992
0.159875
0.159869
0.159869
0.319737
0.159875
0.319737
0.159875
0.165753
0.159869
0.159869
0.159869
0.160730
0.159869
0.319738
0.159875
0.159869
0.159869
0.159869
0.159869
0.284992
0.159875
0.159869
0.159869
0.159869
0.159869
0.159869
0.159869
0.159869
0.159869
0.165753
0.159869
0.165753
0.159869
0.159869
0.159869
0.160730
0.159869
0.319738
0.159875
0.284972
0.159875
0.159869
0.159869
0.319738
0.159875
0.160730
0.159869
0.160730
0.159869
0.519249
0.488333
0.319738
0.159875
0.319738
0.159875
0.159869
0.159869
0.159869
0.159869
0.165753
0.159869
0.495214
0.323162
0.519249
0.323163
0.519249
0.488333
0.559651
0.159875
0.359542
0.159869
0.476469
0.159869
0.359542
0.159869
0.476468
0.159869
0.359542
0.159869
0.159869
0.159869
0.159869
0.184095
0.259279
0.184721
0.164124
0.178339
0.179035
0.178339
0.159869
0.273203
0.376625
0.268247
1.000000
0.355404
0.341132
0.355404
0.159869
0.159905
0.159942
0.159905
0.159875
0.159898
0.159899
0.159898
