0.232463
0.216477
0.216477
0.216477
0.432955
0.216487
0.216477
0.216477
0.216477
0.216477
0.216477
0.216477
0.432955
0.216487
0.216477
0.216477
0.217647
0.216477
0.216477
0.216477
0.432955
0.216487
0.216477
0.216477
0.216477
0.216477
0.216477
0.216477
0.216477
0.216477
0.385893
0.216487
0.386854
0.216487
0.216478
0.216477
0.223106
0.216477
0.217647
0.216477
0.216477
0.216477
0.385894
0.216487
0.217647
0.216477
0.386854
0.216487
0.216477
0.216477
0.216477
0.216477
0.217647
0.216477
0.385893
0.216487
0.432955
0.216487
0.386854
0.216487
0.432955
0.216487
0.217647
0.216477
0.432955
0.216487
0.216477
0.216477
0.217647
0.216477
0.385844
0.216487
0.216477
0.216477
0.216477
0.216487
0.432955
0.216487
0.432955
0.216487
0.432955
0.216487
0.216477
0.216487
0.216477
0.216477
0.432955
0.216487
0.216477
0.216477
0.216477
0.216477
0.216477
0.216487
0.216477
0.216477
0.216477
0.216477
0.216477
0.216477
0.432955
0.216487
0.216477
0.216477
0.216477
0.216477
0.216477
0.216487
0.216477
0.216477
0.216478
0.216477
0.217647
0.216477
0.216477
0.216477
0.432955
0.216487
0.216477
0.216477
0.216477
0.216477
0.216477
0.216477
0.385877
0.216487
0.217647
0.216477
0.388368
0.216487
0.432955
0.216487
0.216477
0.216477
0.387753
0.216487
0.216477
0.216477
0.216477
0.216477
0.432955
0.216487
0.216477
0.216478
0.432955
0.216487
0.432955
0.216487
0.385877
0.216487
0.386854
0.216487
0.432955
0.216487
0.387754
0.216487
0.388370
0.216487
0.216477
0.216477
0.388369
0.216487
0.387743
0.216487
0.387743
0.216487
0.387755
0.216487
0.216477
0.216477
0.387743
0.216487
0.388369
0.216487
0.432955
0.216487
0.432955
0.216487
0.387754
0.216487
0.216515
0.216477
0.385776
0.216487
0.385760
0.216487
0.387754
0.216487
0.527020
0.216477
0.216478
0.216477
0.388324
0.216487
0.385760
0.216487
0.385775
0.216487
0.387755
0.216487
0.216478
0.216477
0.385775
0.216487
0.388324
0.216487
0.432955
0.216487
0.432955
0.216487
0.387754
0.216487
0.216477
0.216477
0.216478
0.216477
0.388324
0.216487
0.385760
0.216487
0.385775
0.216487
0.387755
0.216487
0.216478
0.216477
0.385775
0.216487
0.388324
0.216487
0.432955
0.216487
0.432955
0.216487
0.387754
0.216487
0.388325
0.216487
0.217643
0.216477
0.217643
0.216477
0.432955
0.216487
0.349630
0.216477
0.218558
0.216477
0.216477
0.216477
0.432955
0.216487
0.385775
0.216487
0.385760
0.216487
0.432955
0.216487
0.432955
0.216487
0.388325
0.216487
0.216477
0.216487
0.216477
0.216477
0.388325
0.216487
0.216477
0.216477
0.216477
0.216477
0.216477
0.216477
0.388370
0.216487
0.432955
0.216487
0.388325
0.216487
0.216477
0.216477
0.388370
0.216487
0.432955
0.216487
0.387755
0.216487
0.216477
0.216477
0.388325
0.216487
0.216477
0.216477
0.216477
0.216477
0.216477
0.216477
0.388370
0.216487
0.385767
0.216487
0.388324
0.216487
0.216478
0.216477
0.216477
0.216477
0.388370
0.216487
0.432955
0.216487
0.216480
0.216477
0.216479
0.216477
0.432955
0.216487
0.217643
0.216477
0.216477
0.216477
0.216477
0.216477
0.000000
0.216468
0.432955
0.216487
0.216478
0.216477
0.216478
0.216478
0.216477
0.216477
0.216477
0.216477
0.216478
0.216478
0.216477
0.216477
0.216477
0.216477
0.216478
0.216478
0.216477
0.216477
0.216477
0.216477
0.216477
0.216477
0.218231
0.216477
0.217643
0.216477
0.386853
0.216487
0.216479
0.216477
0.216477
0.216477
0.216477
0.216477
0.216477
0.216477
0.216477
0.216477
0.385906
0.216487
0.216477
0.216477
0.216479
0.216477
0.216479
0.216477
0.385880
0.216487
0.216478
0.216477
0.217908
0.216477
0.216477
0.216477
0.216487
0.216478
0.216478
0.216477
0.216477
0.216477
0.216478
0.216477
0.216479
0.216477
0.216477
0.216477
0.645184
0.216477
0.342528
0.216477
0.645184
0.216477
0.280312
0.216477
0.645184
0.216477
0.280312
0.216477
0.216477
0.216477
0.216477
0.216477
0.216477
0.216477
0.217643
0.216477
0.432955
0.216487
0.216477
0.216477
0.224434
0.216477
0.216477
0.216477
0.216477
0.216477
0.432955
0.216487
0.216477
0.216477
0.216477
0.216477
0.385906
0.216487
0.216477
0.216477
0.432955
0.216487
0.432955
0.216487
0.224434
0.216477
0.216477
0.216477
0.217643
0.216477
0.432955
0.216487
0.216477
0.216477
0.216477
0.216477
0.385906
0.216487
0.216477
0.216477
0.216477
0.216477
0.216477
0.216477
0.216477
0.216477
0.224434
0.216477
0.224434
0.216477
0.216477
0.216477
0.217643
0.216477
0.432955
0.216487
0.385880
0.216487
0.216477
0.216477
0.432955
0.216487
0.217643
0.216477
0.217644
0.216477
0.703113
0.661250
0.432955
0.216487
0.432955
0.216487
0.216477
0.216477
0.216477
0.216477
0.224434
0.216477
0.670568
0.437593
0.703113
0.437593
0.703113
0.661250
0.757821
0.216486
0.486854
0.216477
0.645184
0.216477
0.486854
0.216477
0.645184
0.216477
0.486854
0.216477
0.216477
0.216477
0.216477
0.389187
0.795374
0.361202
0.287693
0.329442
0.359006
0.329442
0.216477
0.242499
0.306145
0.261311
1.000000
0.297628
0.252024
0.297628
0.216477
0.216555
0.216618
0.216548
0.216499
0.216537
0.216546
0.216537
