0.189455
0.173819
0.173819
0.173819
0.347638
0.173826
0.173819
0.173819
0.173819
0.173819
0.173819
0.173819
0.347638
0.173826
0.173819
0.173819
0.174758
0.173819
0.173819
0.173819
0.347638
0.173826
0.173819
0.173819
0.173819
0.173819
0.173819
0.173819
0.173819
0.173819
0.309850
0.173826
0.310621
0.173826
0.173819
0.173819
0.179141
0.173819
0.174758
0.173819
0.173819
0.173819
0.309851
0.173826
0.174758
0.173819
0.310621
0.173826
0.173819
0.173819
0.173819
0.173819
0.174758
0.173819
0.309850
0.173826
0.347638
0.173826
0.310621
0.173826
0.347638
0.173826
0.174758
0.173819
0.347638
0.173826
0.173819
0.173819
0.174758
0.173819
0.309810
0.173826
0.173819
0.173819
0.173819
0.173826
0.347638
0.173826
0.347638
0.173826
0.347638
0.173826
0.173819
0.173826
0.173819
0.173819
0.347638
0.173826
0.173819
0.173819
0.173819
0.173819
0.173819
0.173826
0.173819
0.173819
0.173819
0.173819
0.173819
0.173819
0.347638
0.173826
0.173819
0.173819
0.173819
0.173819
0.173819
0.173826
0.173819
0.173819
0.173819
0.173819
0.174758
0.173819
0.173819
0.173819
0.347638
0.173826
0.173819
0.173819
0.173819
0.173819
0.173819
0.173819
0.309837
0.173826
0.174758
0.173819
0.311838
0.173826
0.347638
0.173826
0.173819
0.173819
0.311343
0.173826
0.173819
0.173819
0.173819
0.173819
0.347638
0.173826
0.173819
0.173819
0.347638
0.173826
0.347638
0.173826
0.309837
0.173826
0.310621
0.173826
0.347638
0.173826
0.311344
0.173826
0.311839
0.173826
0.173819
0.173819
0.311838
0.173826
0.311335
0.173826
0.311335
0.173826
0.311345
0.173826
0.173819
0.173819
0.311335
0.173826
0.311838
0.173826
0.347638
0.173826
0.347638
0.173826
0.311344
0.173826
0.173849
0.173819
0.309756
0.173826
0.309743
0.173826
0.311344
0.173826
0.423167
0.173819
0.173819
0.173819
0.311802
0.173826
0.309743
0.173826
0.309755
0.173826
0.311345
0.173826
0.173819
0.173819
0.309755
0.173826
0.311802
0.173826
0.347638
0.173826
0.347638
0.173826
0.311344
0.173826
0.173819
0.173819
0.173819
0.173819
0.311802
0.173826
0.309743
0.173826
0.309755
0.173826
0.311345
0.173826
0.173819
0.173819
0.309755
0.173826
0.311802
0.173826
0.347638
0.173826
0.347638
0.173826
0.311344
0.173826
0.311802
0.173826
0.174755
0.173819
0.174754
0.173819
0.347638
0.173826
0.280733
0.173819
0.175490
0.173819
0.173819
0.173819
0.347638
0.173826
0.309755
0.173826
0.309743
0.173826
0.347638
0.173826
0.347638
0.173826
0.311802
0.173826
0.173819
0.173826
0.173819
0.173819
0.311802
0.173826
0.173819
0.173819
0.173819
0.173819
0.173819
0.173819
0.311839
0.173826
0.347638
0.173826
0.311802
0.173826
0.173819
0.173819
0.311839
0.173826
0.347638
0.173826
0.311345
0.173826
0.173819
0.173819
0.311802
0.173826
0.173819
0.173819
0.173819
0.173819
0.173819
0.173819
0.311839
0.173826
0.309749
0.173826
0.311802
0.173826
0.173819
0.173819
0.173819
0.173819
0.311839
0.173826
0.347638
0.173826
0.173821
0.173819
0.173820
0.173819
0.347638
0.173826
0.174755
0.173819
0.173819
0.173819
0.173819
0.173819
0.000000
0.173812
0.347638
0.173826
0.173819
0.173819
0.173819
0.173819
0.173819
0.173819
0.173819
0.173819
0.173819
0.173819
0.173819
0.173819
0.173819
0.173819
0.173819
0.173819
0.173819
0.173819
0.173819
0.173819
0.173819
0.173819
0.175227
0.173819
0.174755
0.173819
0.310621
0.173826
0.173820
0.173819
0.173819
0.173819
0.173819
0.173819
0.173819
0.173819
0.173819
0.173819
0.309860
0.173826
0.173819
0.173819
0.173820
0.173819
0.173820
0.173819
0.309839
0.173826
0.173819
0.173819
0.174967
0.173819
0.173819
0.173819
0.173826
0.173819
0.173819
0.173819
0.173819
0.173819
0.173819
0.173819
0.173820
0.173819
0.173819
0.173819
0.518046
0.173819
0.275030
0.173819
0.518046
0.173819
0.225074
0.173819
0.518046
0.173819
0.225074
0.173819
0.173819
0.173819
0.173819
0.173819
0.173819
0.173819
0.174755
0.173819
0.347638
0.173826
0.173819
0.173819
0.180217
0.173819
0.173819
0.173819
0.173819
0.173819
0.347638
0.173826
0.173819
0.173819
0.173819
0.173819
0.309860
0.173826
0.173819
0.173819
0.347638
0.173826
0.347638
0.173826
0.180217
0.173819
0.173819
0.173819
0.174755
0.173819
0.347638
0.173826
0.173819
0.173819
0.173819
0.173819
0.309860
0.173826
0.173819
0.173819
0.173819
0.173819
0.173819
0.173819
0.173819
0.173819
0.180217
0.173819
0.180217
0.173819
0.173819
0.173819
0.174755
0.173819
0.347638
0.173826
0.309839
0.173826
0.173819
0.173819
0.347638
0.173826
0.174755
0.173819
0.174755
0.173819
0.564559
0.530945
0.347638
0.173826
0.347638
0.173826
0.173819
0.173819
0.173819
0.173819
0.180217
0.173819
0.538427
0.351362
0.564559
0.351362
0.564559
0.530945
0.608487
0.173826
0.390916
0.173819
0.518046
0.173819
0.390916
0.173819
0.518046
0.173819
0.390916
0.173819
0.173819
0.173819
0.173819
0.210544
0.326099
0.211889
0.183492
0.202107
0.203587
0.202107
0.173819
0.279889
0.373465
0.273642
1.000000
0.358539
0.338972
0.358539
0.173819
0.173861
0.173904
0.173862
0.173828
0.173854
0.173855
0.173854
