0.227986
0.207635
0.207635
0.207635
0.415270
0.207644
0.207635
0.207635
0.207635
0.207635
0.207635
0.207635
0.415271
0.207644
0.207635
0.207635
0.208757
0.207635
0.207635
0.207635
0.415271
0.207644
0.207635
0.207635
0.207635
0.207635
0.207635
0.207635
0.207635
0.207635
0.370131
0.207644
0.371052
0.207644
0.207635
0.207635
0.213993
0.207635
0.208757
0.207635
0.207635
0.207635
0.370133
0.207644
0.208757
0.207635
0.371052
0.207644
0.207635
0.207635
0.207635
0.207635
0.208757
0.207635
0.370131
0.207644
0.415271
0.207644
0.371052
0.207644
0.415271
0.207644
0.208757
0.207635
0.415271
0.207644
0.207635
0.207635
0.208757
0.207635
0.370084
0.207644
0.207635
0.207635
0.207635
0.207644
0.415271
0.207644
0.415271
0.207644
0.415271
0.207644
0.207635
0.207644
0.207635
0.207635
0.415271
0.207644
0.207635
0.207635
0.207635
0.207635
0.207635
0.207644
0.207635
0.207635
0.207635
0.207635
0.207635
0.207635
0.415271
0.207644
0.207635
0.207635
0.207635
0.207635
0.207635
0.207644
0.207635
0.207635
0.207635
0.207635
0.208757
0.207635
0.207635
0.207635
0.415271
0.207644
0.207635
0.207635
0.207635
0.207635
0.207635
0.207635
0.370116
0.207644
0.208757
0.207635
0.372505
0.207644
0.415271
0.207644
0.207635
0.207635
0.371915
0.207644
0.207635
0.207635
0.207635
0.207635
0.415271
0.207644
0.207635
0.207635
0.415271
0.207644
0.415271
0.207644
0.370116
0.207644
0.371052
0.207644
0.415271
0.207644
0.371916
0.207644
0.372507
0.207644
0.207635
0.207635
0.372506
0.207644
0.371906
0.207644
0.371906
0.207644
0.371917
0.207644
0.207635
0.207635
0.371906
0.207644
0.372506
0.207644
0.415271
0.207644
0.415271
0.207644
0.371916
0.207644
0.207671
0.207635
0.370019
0.207644
0.370003
0.207644
0.371916
0.207644
0.505494
0.207635
0.207636
0.207635
0.372463
0.207644
0.370003
0.207644
0.370018
0.207644
0.371917
0.207644
0.207636
0.207635
0.370018
0.207644
0.372463
0.207644
0.415271
0.207644
0.415271
0.207644
0.371916
0.207644
0.207635
0.207635
0.207635
0.207635
0.372463
0.207644
0.370003
0.207644
0.370018
0.207644
0.371917
0.207644
0.207635
0.207635
0.370018
0.207644
0.372463
0.207644
0.415271
0.207644
0.415271
0.207644
0.371916
0.207644
0.372464
0.207644
0.208753
0.207635
0.208753
0.207635
0.415271
0.207644
0.335349
0.207635
0.209631
0.207635
0.207635
0.207635
0.415271
0.207644
0.370018
0.207644
0.370003
0.207644
0.415271
0.207644
0.415271
0.207644
0.372464
0.207644
0.207635
0.207644
0.207635
0.207635
0.372464
0.207644
0.207635
0.207635
0.207635
0.207635
0.207635
0.207635
0.372507
0.207644
0.415271
0.207644
0.372464
0.207644
0.207635
0.207635
0.372507
0.207644
0.415271
0.207644
0.371917
0.207644
0.207635
0.207635
0.372464
0.207644
0.207635
0.207635
0.207635
0.207635
0.207635
0.207635
0.372507
0.207644
0.370011
0.207644
0.372463
0.207644
0.207636
0.207635
0.207635
0.207635
0.372507
0.207644
0.415271
0.207644
0.207638
0.207635
0.207636
0.207635
0.415271
0.207644
0.208753
0.207635
0.207635
0.207635
0.207635
0.207635
0.000000
0.207627
0.415271
0.207644
0.207635
0.207635
0.207635
0.207635
0.207635
0.207635
0.207635
0.207635
0.207635
0.207635
0.207635
0.207635
0.207635
0.207635
0.207635
0.207635
0.207635
0.207635
0.207635
0.207635
0.207635
0.207635
0.209317
0.207635
0.208753
0.207635
0.371052
0.207644
0.207636
0.207635
0.207635
0.207635
0.207635
0.207635
0.207635
0.207635
0.207635
0.207635
0.370143
0.207644
0.207635
0.207635
0.207636
0.207635
0.207636
0.207635
0.370118
0.207644
0.207636
0.207635
0.209007
0.207635
0.207635
0.207635
0.207644
0.207636
0.207636
0.207635
0.207635
0.207635
0.207636
0.207635
0.207636
0.207635
0.207635
0.207635
0.618831
0.207635
0.328537
0.207635
0.618831
0.207635
0.268863
0.207635
0.618831
0.207635
0.268863
0.207635
0.207635
0.207635
0.207635
0.207635
0.207635
0.207635
0.208753
0.207635
0.415271
0.207644
0.207635
0.207635
0.215300
0.207635
0.207635
0.207635
0.207635
0.207635
0.415271
0.207644
0.207635
0.207635
0.207635
0.207635
0.370144
0.207644
0.207635
0.207635
0.415271
0.207644
0.415271
0.207644
0.215300
0.207635
0.207635
0.207635
0.208753
0.207635
0.415271
0.207644
0.207635
0.207635
0.207635
0.207635
0.370144
0.207644
0.207635
0.207635
0.207635
0.207635
0.207635
0.207635
0.207635
0.207635
0.215300
0.207635
0.215300
0.207635
0.207635
0.207635
0.208753
0.207635
0.415271
0.207644
0.370118
0.207644
0.207635
0.207635
0.415271
0.207644
0.208753
0.207635
0.208754
0.207635
0.674394
0.634241
0.415271
0.207644
0.415271
0.207644
0.207635
0.207635
0.207635
0.207635
0.215300
0.207635
0.643178
0.419719
0.674394
0.419720
0.674394
0.634241
0.726868
0.207643
0.466968
0.207635
0.618831
0.207635
0.466968
0.207635
0.618831
0.207635
0.466968
0.207635
0.207635
0.207635
0.207635
0.259367
0.418024
0.260233
0.215114
0.247302
0.249283
0.247302
0.207635
0.321440
0.423477
0.315556
1.000000
0.409906
0.381605
0.409906
0.207635
0.207686
0.207737
0.207686
0.207643
0.207677
0.207679
0.207677
