0.231654
0.216264
0.216264
0.216264
0.432528
0.216273
0.216264
0.216264
0.216264
0.216264
0.216264
0.216264
0.432528
0.216273
0.216264
0.216264
0.217433
0.216264
0.216264
0.216264
0.432528
0.216273
0.216264
0.216264
0.216264
0.216264
0.216264
0.216264
0.216264
0.216264
0.385513
0.216273
0.386473
0.216273
0.216264
0.216264
0.222886
0.216264
0.217433
0.216264
0.216264
0.216264
0.385514
0.216273
0.217433
0.216264
0.386473
0.216273
0.216264
0.216264
0.216264
0.216264
0.217433
0.216264
0.385513
0.216273
0.432528
0.216273
0.386473
0.216273
0.432529
0.216273
0.217433
0.216264
0.432529
0.216273
0.216264
0.216264
0.217433
0.216264
0.385464
0.216273
0.216264
0.216264
0.216264
0.216273
0.432528
0.216273
0.432528
0.216273
0.432528
0.216273
0.216264
0.216273
0.216264
0.216264
0.432528
0.216273
0.216264
0.216264
0.216264
0.216264
0.216264
0.216273
0.216264
0.216264
0.216264
0.216264
0.216264
0.216264
0.432528
0.216273
0.216264
0.216264
0.216264
0.216264
0.216264
0.216273
0.216264
0.216264
0.216264
0.216264
0.217433
0.216264
0.216264
0.216264
0.432528
0.216273
0.216264
0.216264
0.216264
0.216264
0.216264
0.216264
0.385497
0.216273
0.217433
0.216264
0.387986
0.216273
0.432528
0.216273
0.216264
0.216264
0.387371
0.216273
0.216264
0.216264
0.216264
0.216264
0.432528
0.216273
0.216264
0.216264
0.432529
0.216273
0.432529
0.216273
0.385497
0.216273
0.386473
0.216273
0.432528
0.216273
0.387372
0.216273
0.387987
0.216273
0.216264
0.216264
0.387987
0.216273
0.387361
0.216273
0.387361
0.216273
0.387373
0.216273
0.216264
0.216264
0.387361
0.216273
0.387987
0.216273
0.432528
0.216273
0.432528
0.216273
0.387372
0.216273
0.216301
0.216264
0.385396
0.216273
0.385380
0.216273
0.387372
0.216273
0.526501
0.216264
0.216265
0.216264
0.387942
0.216273
0.385380
0.216273
0.385395
0.216273
0.387373
0.216273
0.216265
0.216264
0.385395
0.216273
0.387942
0.216273
0.432528
0.216273
0.432528
0.216273
0.387372
0.216273
0.216264
0.216264
0.216264
0.216264
0.387942
0.216273
0.385380
0.216273
0.385395
0.216273
0.387373
0.216273
0.216264
0.216264
0.385395
0.216273
0.387942
0.216273
0.432528
0.216273
0.432528
0.216273
0.387372
0.216273
0.387942
0.216273
0.217428
0.216264
0.217428
0.216264
0.432528
0.216273
0.349286
0.216264
0.218343
0.216264
0.216264
0.216264
0.432528
0.216273
0.385395
0.216273
0.385380
0.216273
0.432528
0.216273
0.432528
0.216273
0.387942
0.216273
0.216264
0.216273
0.216264
0.216264
0.387942
0.216273
0.216264
0.216264
0.216264
0.216264
0.216264
0.216264
0.387987
0.216273
0.432529
0.216273
0.387942
0.216273
0.216264
0.216264
0.387987
0.216273
0.432529
0.216273
0.387373
0.216273
0.216264
0.216264
0.387942
0.216273
0.216264
0.216264
0.216264
0.216264
0.216264
0.216264
0.387987
0.216273
0.385387
0.216273
0.387942
0.216273
0.216265
0.216264
0.216264
0.216264
0.387987
0.216273
0.432528
0.216273
0.216267
0.216264
0.216265
0.216264
0.432529
0.216273
0.217428
0.216264
0.216264
0.216264
0.216264
0.216264
0.000000
0.216255
0.432529
0.216273
0.216264
0.216264
0.216264
0.216264
0.216264
0.216264
0.216264
0.216264
0.216264
0.216264
0.216264
0.216264
0.216264
0.216264
0.216264
0.216264
0.216264
0.216264
0.216264
0.216264
0.216264
0.216264
0.218016
0.216264
0.217429
0.216264
0.386472
0.216273
0.216265
0.216264
0.216264
0.216264
0.216264
0.216264
0.216264
0.216264
0.216264
0.216264
0.385526
0.216273
0.216264
0.216264
0.216265
0.216264
0.216265
0.216264
0.385499
0.216273
0.216265
0.216264
0.217693
0.216264
0.216264
0.216264
0.216273
0.216265
0.216265
0.216264
0.216264
0.216264
0.216265
0.216264
0.216265
0.216264
0.216264
0.216264
0.644549
0.216264
0.342191
0.216264
0.644549
0.216264
0.280036
0.216264
0.644549
0.216264
0.280036
0.216264
0.216264
0.216264
0.216264
0.216264
0.216264
0.216264
0.217429
0.216264
0.432529
0.216273
0.216264
0.216264
0.224122
0.216264
0.216264
0.216264
0.216264
0.216264
0.432529
0.216273
0.216264
0.216264
0.216264
0.216264
0.385526
0.216273
0.216264
0.216264
0.432529
0.216273
0.432529
0.216273
0.224122
0.216264
0.216264
0.216264
0.217429
0.216264
0.432529
0.216273
0.216264
0.216264
0.216264
0.216264
0.385526
0.216273
0.216264
0.216264
0.216264
0.216264
0.216264
0.216264
0.216264
0.216264
0.224122
0.216264
0.224122
0.216264
0.216264
0.216264
0.217429
0.216264
0.432529
0.216273
0.385500
0.216273
0.216264
0.216264
0.432529
0.216273
0.217429
0.216264
0.217429
0.216264
0.702420
0.660598
0.432529
0.216273
0.432529
0.216273
0.216264
0.216264
0.216264
0.216264
0.224122
0.216264
0.669907
0.437162
0.702420
0.437162
0.702420
0.660598
0.757075
0.216273
0.486375
0.216264
0.644549
0.216264
0.486375
0.216264
0.644548
0.216264
0.486375
0.216264
0.216264
0.216264
0.216264
0.250816
0.372192
0.255246
0.222425
0.243936
0.244306
0.243936
0.216264
0.412869
0.481123
0.348693
1.000000
0.501704
0.493815
0.501704
0.216264
0.216311
0.216364
0.216314
0.216272
0.216303
0.216304
0.216303
