0.274020
0.247142
0.247142
0.247142
0.494285
0.247153
0.247142
0.247142
0.247142
0.247142
0.247142
0.247142
0.494285
0.247153
0.247142
0.247142
0.248478
0.247142
0.247142
0.247142
0.494285
0.247153
0.247142
0.247142
0.247142
0.247142
0.247142
0.247142
0.247142
0.247142
0.440556
0.247153
0.441653
0.247153
0.247142
0.247142
0.254710
0.247142
0.248478
0.247142
0.247142
0.247142
0.440558
0.247153
0.248478
0.247142
0.441653
0.247153
0.247142
0.247142
0.247142
0.247142
0.248478
0.247142
0.440557
0.247153
0.494285
0.247153
0.441653
0.247153
0.494285
0.247153
0.248478
0.247142
0.494285
0.247153
0.247142
0.247142
0.248478
0.247142
0.440500
0.247153
0.247142
0.247142
0.247142
0.247153
0.494285
0.247153
0.494285
0.247153
0.494285
0.247153
0.247142
0.247153
0.247142
0.247142
0.494285
0.247153
0.247142
0.247142
0.247142
0.247142
0.247142
0.247153
0.247142
0.247142
0.247142
0.247142
0.247142
0.247142
0.494285
0.247153
0.247142
0.247142
0.247142
0.247142
0.247142
0.247153
0.247142
0.247142
0.247142
0.247142
0.248478
0.247142
0.247142
0.247142
0.494285
0.247153
0.247142
0.247142
0.247142
0.247142
0.247142
0.247142
0.440539
0.247153
0.248478
0.247142
0.443382
0.247153
0.494285
0.247153
0.247142
0.247142
0.442680
0.247153
0.247142
0.247142
0.247142
0.247142
0.494285
0.247153
0.247142
0.247142
0.494285
0.247153
0.494285
0.247153
0.440539
0.247153
0.441653
0.247153
0.494285
0.247153
0.442681
0.247153
0.443384
0.247153
0.247142
0.247142
0.443383
0.247153
0.442668
0.247153
0.442669
0.247153
0.442682
0.247153
0.247142
0.247142
0.442669
0.247153
0.443383
0.247153
0.494285
0.247153
0.494285
0.247153
0.442681
0.247153
0.247185
0.247142
0.440423
0.247153
0.440404
0.247153
0.442681
0.247153
0.601675
0.247142
0.247143
0.247142
0.443332
0.247153
0.440404
0.247153
0.440421
0.247153
0.442682
0.247153
0.247143
0.247142
0.440421
0.247153
0.443332
0.247153
0.494285
0.247153
0.494285
0.247153
0.442681
0.247153
0.247142
0.247142
0.247142
0.247142
0.443332
0.247153
0.440404
0.247153
0.440421
0.247153
0.442682
0.247153
0.247142
0.247142
0.440421
0.247153
0.443332
0.247153
0.494285
0.247153
0.494285
0.247153
0.442681
0.247153
0.443333
0.247153
0.248473
0.247142
0.248473
0.247142
0.494285
0.247153
0.399157
0.247142
0.249518
0.247142
0.247142
0.247142
0.494285
0.247153
0.440421
0.247153
0.440404
0.247153
0.494285
0.247153
0.494285
0.247153
0.443333
0.247153
0.247142
0.247153
0.247142
0.247142
0.443333
0.247153
0.247142
0.247142
0.247142
0.247142
0.247142
0.247142
0.443384
0.247153
0.494285
0.247153
0.443333
0.247153
0.247142
0.247142
0.443384
0.247153
0.494285
0.247153
0.442682
0.247153
0.247142
0.247142
0.443333
0.247153
0.247142
0.247142
0.247142
0.247142
0.247142
0.247142
0.443384
0.247153
0.440413
0.247153
0.443332
0.247153
0.247143
0.247142
0.247142
0.247142
0.443384
0.247153
0.494285
0.247153
0.247145
0.247142
0.247144
0.247142
0.494285
0.247153
0.248473
0.247142
0.247142
0.247142
0.247142
0.247142
0.000000
0.247132
0.494285
0.247153
0.247142
0.247142
0.247143
0.247142
0.247142
0.247142
0.247142
0.247142
0.247142
0.247142
0.247142
0.247142
0.247142
0.247142
0.247142
0.247142
0.247142
0.247142
0.247142
0.247142
0.247142
0.247142
0.249144
0.247142
0.248473
0.247142
0.441652
0.247153
0.247144
0.247142
0.247142
0.247142
0.247142
0.247142
0.247142
0.247142
0.247142
0.247142
0.440571
0.247153
0.247142
0.247142
0.247144
0.247142
0.247144
0.247142
0.440541
0.247153
0.247143
0.247142
0.248775
0.247142
0.247142
0.247142
0.247153
0.247143
0.247143
0.247142
0.247142
0.247142
0.247143
0.247142
0.247144
0.247142
0.247142
0.247142
0.736577
0.247142
0.391049
0.247142
0.736577
0.247142
0.320019
0.247142
0.736577
0.247142
0.320019
0.247142
0.247142
0.247142
0.247142
0.247142
0.247142
0.247142
0.248473
0.247142
0.494285
0.247153
0.247142
0.247142
0.256279
0.247142
0.247142
0.247142
0.247142
0.247142
0.494285
0.247153
0.247142
0.247142
0.247142
0.247142
0.440571
0.247153
0.247142
0.247142
0.494285
0.247153
0.494285
0.247153
0.256279
0.247142
0.247142
0.247142
0.248473
0.247142
0.494285
0.247153
0.247142
0.247142
0.247142
0.247142
0.440571
0.247153
0.247142
0.247142
0.247142
0.247142
0.247142
0.247142
0.247142
0.247142
0.256279
0.247142
0.256279
0.247142
0.247142
0.247142
0.248473
0.247142
0.494285
0.247153
0.440541
0.247153
0.247142
0.247142
0.494285
0.247153
0.248473
0.247142
0.248474
0.247142
0.802712
0.754918
0.494285
0.247153
0.494285
0.247153
0.247142
0.247142
0.247142
0.247142
0.256279
0.247142
0.765557
0.499580
0.802712
0.499580
0.802712
0.754918
0.865169
0.247152
0.555819
0.247142
0.736577
0.247142
0.555819
0.247142
0.736577
0.247142
0.555819
0.247142
0.247142
0.247142
0.247142
0.325945
0.553985
0.323853
0.267532
0.305697
0.311089
0.305697
0.247142
0.367620
0.499040
0.373091
1.000000
0.480782
0.428268
0.480782
0.247142
0.247205
0.247265
0.247204
0.247156
0.247193
0.247196
0.247193
