0.286186
0.258428
0.258428
0.258428
0.516855
0.258439
0.258428
0.258428
0.258428
0.258428
0.258428
0.258428
0.516856
0.258439
0.258428
0.258428
0.259824
0.258428
0.258428
0.258428
0.516855
0.258439
0.258428
0.258428
0.258428
0.258428
0.258428
0.258428
0.258428
0.258428
0.460674
0.258439
0.461821
0.258439
0.258428
0.258428
0.266341
0.258428
0.259824
0.258428
0.258428
0.258428
0.460676
0.258439
0.259824
0.258428
0.461821
0.258439
0.258428
0.258428
0.258428
0.258428
0.259824
0.258428
0.460674
0.258439
0.516856
0.258439
0.461821
0.258439
0.516856
0.258439
0.259824
0.258428
0.516856
0.258439
0.258428
0.258428
0.259824
0.258428
0.460615
0.258439
0.258428
0.258428
0.258428
0.258439
0.516856
0.258439
0.516856
0.258439
0.516856
0.258439
0.258428
0.258439
0.258428
0.258428
0.516856
0.258439
0.258428
0.258428
0.258428
0.258428
0.258428
0.258439
0.258428
0.258428
0.258428
0.258428
0.258428
0.258428
0.516856
0.258439
0.258428
0.258428
0.258428
0.258428
0.258428
0.258439
0.258428
0.258428
0.258428
0.258428
0.259824
0.258428
0.258428
0.258428
0.516856
0.258439
0.258428
0.258428
0.258428
0.258428
0.258428
0.258428
0.460655
0.258439
0.259824
0.258428
0.463629
0.258439
0.516856
0.258439
0.258428
0.258428
0.462894
0.258439
0.258428
0.258428
0.258428
0.258428
0.516856
0.258439
0.258428
0.258428
0.516856
0.258439
0.516856
0.258439
0.460655
0.258439
0.461821
0.258439
0.516856
0.258439
0.462896
0.258439
0.463630
0.258439
0.258428
0.258428
0.463630
0.258439
0.462882
0.258439
0.462883
0.258439
0.462896
0.258439
0.258428
0.258428
0.462883
0.258439
0.463630
0.258439
0.516856
0.258439
0.516856
0.258439
0.462896
0.258439
0.258472
0.258428
0.460535
0.258439
0.460515
0.258439
0.462896
0.258439
0.629150
0.258428
0.258428
0.258428
0.463576
0.258439
0.460515
0.258439
0.460533
0.258439
0.462896
0.258439
0.258428
0.258428
0.460533
0.258439
0.463576
0.258439
0.516856
0.258439
0.516856
0.258439
0.462896
0.258439
0.258428
0.258428
0.258428
0.258428
0.463576
0.258439
0.460515
0.258439
0.460533
0.258439
0.462896
0.258439
0.258428
0.258428
0.460533
0.258439
0.463576
0.258439
0.516856
0.258439
0.516856
0.258439
0.462896
0.258439
0.463577
0.258439
0.259819
0.258428
0.259819
0.258428
0.516856
0.258439
0.417384
0.258428
0.260912
0.258428
0.258428
0.258428
0.516856
0.258439
0.460533
0.258439
0.460515
0.258439
0.516856
0.258439
0.516856
0.258439
0.463577
0.258439
0.258428
0.258439
0.258428
0.258428
0.463577
0.258439
0.258428
0.258428
0.258428
0.258428
0.258428
0.258428
0.463631
0.258439
0.516856
0.258439
0.463577
0.258439
0.258428
0.258428
0.463630
0.258439
0.516856
0.258439
0.462897
0.258439
0.258428
0.258428
0.463577
0.258439
0.258428
0.258428
0.258428
0.258428
0.258428
0.258428
0.463630
0.258439
0.460524
0.258439
0.463576
0.258439
0.258428
0.258428
0.258428
0.258428
0.463631
0.258439
0.516856
0.258439
0.258431
0.258428
0.258429
0.258428
0.516856
0.258439
0.259819
0.258428
0.258428
0.258428
0.258428
0.258428
0.000000
0.258417
0.516856
0.258439
0.258428
0.258428
0.258428
0.258428
0.258428
0.258428
0.258428
0.258428
0.258428
0.258428
0.258428
0.258428
0.258428
0.258428
0.258428
0.258428
0.258428
0.258428
0.258428
0.258428
0.258428
0.258428
0.260521
0.258428
0.259819
0.258428
0.461820
0.258439
0.258429
0.258428
0.258428
0.258428
0.258428
0.258428
0.258428
0.258428
0.258428
0.258428
0.460689
0.258439
0.258428
0.258428
0.258429
0.258428
0.258429
0.258428
0.460658
0.258439
0.258429
0.258428
0.260135
0.258428
0.258428
0.258428
0.258439
0.258428
0.258428
0.258428
0.258428
0.258428
0.258428
0.258428
0.258429
0.258428
0.258428
0.258428
0.770212
0.258428
0.408905
0.258428
0.770212
0.258428
0.334633
0.258428
0.770212
0.258428
0.334633
0.258428
0.258428
0.258428
0.258428
0.258428
0.258428
0.258428
0.259819
0.258428
0.516856
0.258439
0.258428
0.258428
0.267981
0.258428
0.258428
0.258428
0.258428
0.258428
0.516856
0.258439
0.258428
0.258428
0.258428
0.258428
0.460689
0.258439
0.258428
0.258428
0.516856
0.258439
0.516856
0.258439
0.267981
0.258428
0.258428
0.258428
0.259819
0.258428
0.516856
0.258439
0.258428
0.258428
0.258428
0.258428
0.460689
0.258439
0.258428
0.258428
0.258428
0.258428
0.258428
0.258428
0.258428
0.258428
0.267981
0.258428
0.267981
0.258428
0.258428
0.258428
0.259819
0.258428
0.516856
0.258439
0.460658
0.258439
0.258428
0.258428
0.516856
0.258439
0.259819
0.258428
0.259820
0.258428
0.839367
0.789391
0.516856
0.258439
0.516856
0.258439
0.258428
0.258428
0.258428
0.258428
0.267981
0.258428
0.800515
0.522392
0.839367
0.522393
0.839367
0.789391
0.904676
0.258438
0.581200
0.258428
0.770212
0.258428
0.581200
0.258428
0.770212
0.258428
0.581200
0.258428
0.258428
0.258428
0.258428
0.346294
0.593887
0.342293
0.280179
0.324410
0.327655
0.324410
0.258428
0.384676
0.541535
0.399982
1.000000
0.493253
0.471081
0.493253
0.258428
0.258493
0.258554
0.258491
0.258442
0.258481
0.258483
0.258481
