0.273519
0.252813
0.252813
0.252813
0.505626
0.252824
0.252813
0.252813
0.252813
0.252813
0.252813
0.252813
0.505627
0.252824
0.252813
0.252813
0.254179
0.252813
0.252813
0.252813
0.505626
0.252824
0.252813
0.252813
0.252813
0.252813
0.252813
0.252813
0.252813
0.252813
0.450665
0.252824
0.451787
0.252824
0.252813
0.252813
0.260555
0.252813
0.254179
0.252813
0.252813
0.252813
0.450667
0.252824
0.254179
0.252813
0.451787
0.252824
0.252813
0.252813
0.252813
0.252813
0.254179
0.252813
0.450666
0.252824
0.505627
0.252824
0.451787
0.252824
0.505627
0.252824
0.254179
0.252813
0.505627
0.252824
0.252813
0.252813
0.254179
0.252813
0.450608
0.252824
0.252813
0.252813
0.252813
0.252824
0.505627
0.252824
0.505627
0.252824
0.505627
0.252824
0.252813
0.252824
0.252813
0.252813
0.505627
0.252824
0.252813
0.252813
0.252813
0.252813
0.252813
0.252824
0.252813
0.252813
0.252813
0.252813
0.252813
0.252813
0.505627
0.252824
0.252813
0.252813
0.252813
0.252813
0.252813
0.252824
0.252813
0.252813
0.252813
0.252813
0.254179
0.252813
0.252813
0.252813
0.505627
0.252824
0.252813
0.252813
0.252813
0.252813
0.252813
0.252813
0.450647
0.252824
0.254179
0.252813
0.453556
0.252824
0.505627
0.252824
0.252813
0.252813
0.452837
0.252824
0.252813
0.252813
0.252813
0.252813
0.505627
0.252824
0.252813
0.252813
0.505627
0.252824
0.505627
0.252824
0.450647
0.252824
0.451787
0.252824
0.505627
0.252824
0.452839
0.252824
0.453558
0.252824
0.252813
0.252813
0.453557
0.252824
0.452826
0.252824
0.452826
0.252824
0.452840
0.252824
0.252813
0.252813
0.452826
0.252824
0.453557
0.252824
0.505627
0.252824
0.505627
0.252824
0.452839
0.252824
0.252857
0.252813
0.450529
0.252824
0.450510
0.252824
0.452839
0.252824
0.615481
0.252813
0.252814
0.252813
0.453505
0.252824
0.450510
0.252824
0.450527
0.252824
0.452840
0.252824
0.252814
0.252813
0.450527
0.252824
0.453505
0.252824
0.505627
0.252824
0.505627
0.252824
0.452839
0.252824
0.252813
0.252813
0.252813
0.252813
0.453505
0.252824
0.450510
0.252824
0.450527
0.252824
0.452840
0.252824
0.252813
0.252813
0.450527
0.252824
0.453505
0.252824
0.505627
0.252824
0.505627
0.252824
0.452839
0.252824
0.453505
0.252824
0.254174
0.252813
0.254174
0.252813
0.505627
0.252824
0.408316
0.252813
0.255243
0.252813
0.252813
0.252813
0.505627
0.252824
0.450527
0.252824
0.450510
0.252824
0.505627
0.252824
0.505627
0.252824
0.453505
0.252824
0.252813
0.252824
0.252813
0.252813
0.453505
0.252824
0.252813
0.252813
0.252813
0.252813
0.252813
0.252813
0.453558
0.252824
0.505627
0.252824
0.453505
0.252824
0.252813
0.252813
0.453558
0.252824
0.505627
0.252824
0.452840
0.252824
0.252813
0.252813
0.453505
0.252824
0.252813
0.252813
0.252813
0.252813
0.252813
0.252813
0.453558
0.252824
0.450519
0.252824
0.453505
0.252824
0.252814
0.252813
0.252813
0.252813
0.453558
0.252824
0.505627
0.252824
0.252816
0.252813
0.252815
0.252813
0.505627
0.252824
0.254174
0.252813
0.252813
0.252813
0.252813
0.252813
0.000000
0.252803
0.505627
0.252824
0.252813
0.252813
0.252814
0.252813
0.252813
0.252813
0.252813
0.252813
0.252813
0.252813
0.252813
0.252813
0.252813
0.252813
0.252813
0.252813
0.252813
0.252813
0.252813
0.252813
0.252813
0.252813
0.254861
0.252813
0.254175
0.252813
0.451786
0.252824
0.252815
0.252813
0.252813
0.252813
0.252813
0.252813
0.252813
0.252813
0.252813
0.252813
0.450680
0.252824
0.252813
0.252813
0.252815
0.252813
0.252815
0.252813
0.450650
0.252824
0.252814
0.252813
0.254484
0.252813
0.252813
0.252813
0.252824
0.252814
0.252814
0.252813
0.252813
0.252813
0.252814
0.252813
0.252815
0.252813
0.252813
0.252813
0.753479
0.252813
0.400022
0.252813
0.753479
0.252813
0.327363
0.252813
0.753479
0.252813
0.327363
0.252813
0.252813
0.252813
0.252813
0.252813
0.252813
0.252813
0.254175
0.252813
0.505627
0.252824
0.252813
0.252813
0.262012
0.252813
0.252813
0.252813
0.252813
0.252813
0.505627
0.252824
0.252813
0.252813
0.252813
0.252813
0.450681
0.252824
0.252813
0.252813
0.505627
0.252824
0.505627
0.252824
0.262012
0.252813
0.252813
0.252813
0.254175
0.252813
0.505627
0.252824
0.252813
0.252813
0.252813
0.252813
0.450681
0.252824
0.252813
0.252813
0.252813
0.252813
0.252813
0.252813
0.252813
0.252813
0.262012
0.252813
0.262012
0.252813
0.252813
0.252813
0.254175
0.252813
0.505627
0.252824
0.450650
0.252824
0.252813
0.252813
0.505627
0.252824
0.254175
0.252813
0.254175
0.252813
0.821131
0.772241
0.505627
0.252824
0.505627
0.252824
0.252813
0.252813
0.252813
0.252813
0.262012
0.252813
0.783123
0.511043
0.821131
0.511044
0.821131
0.772241
0.885022
0.252823
0.568573
0.252813
0.753479
0.252813
0.568573
0.252813
0.753479
0.252813
0.568573
0.252813
0.252813
0.252813
0.252813
0.388262
0.697758
0.364050
0.283096
0.344173
0.350374
0.344173
0.252813
0.295989
0.429403
0.341108
1.000000
0.377868
0.354680
0.377868
0.252813
0.252895
0.252959
0.252886
0.252828
0.252877
0.252880
0.252877
