0.296455
0.264177
0.264177
0.264177
0.528354
0.264188
0.264177
0.264177
0.264177
0.264177
0.264177
0.264177
0.528355
0.264188
0.264177
0.264177
0.265604
0.264177
0.264177
0.264177
0.528354
0.264188
0.264177
0.264177
0.264177
0.264177
0.264177
0.264177
0.264177
0.264177
0.470923
0.264188
0.472095
0.264188
0.264177
0.264177
0.272267
0.264177
0.265604
0.264177
0.264177
0.264177
0.470925
0.264188
0.265604
0.264177
0.472095
0.264188
0.264177
0.264177
0.264177
0.264177
0.265604
0.264177
0.470923
0.264188
0.528354
0.264188
0.472095
0.264188
0.528355
0.264188
0.265604
0.264177
0.528355
0.264188
0.264177
0.264177
0.265604
0.264177
0.470863
0.264188
0.264177
0.264177
0.264177
0.264188
0.528354
0.264188
0.528354
0.264188
0.528354
0.264188
0.264177
0.264188
0.264177
0.264177
0.528354
0.264188
0.264177
0.264177
0.264177
0.264177
0.264177
0.264188
0.264177
0.264177
0.264177
0.264177
0.264177
0.264177
0.528354
0.264188
0.264177
0.264177
0.264177
0.264177
0.264177
0.264188
0.264177
0.264177
0.264177
0.264177
0.265604
0.264177
0.264177
0.264177
0.528354
0.264188
0.264177
0.264177
0.264177
0.264177
0.264177
0.264177
0.470904
0.264188
0.265604
0.264177
0.473944
0.264188
0.528354
0.264188
0.264177
0.264177
0.473192
0.264188
0.264177
0.264177
0.264177
0.264177
0.528354
0.264188
0.264177
0.264177
0.528355
0.264188
0.528355
0.264188
0.470904
0.264188
0.472095
0.264188
0.528354
0.264188
0.473194
0.264188
0.473945
0.264188
0.264177
0.264177
0.473945
0.264188
0.473180
0.264188
0.473181
0.264188
0.473195
0.264188
0.264177
0.264177
0.473181
0.264188
0.473945
0.264188
0.528355
0.264188
0.528355
0.264188
0.473194
0.264188
0.264223
0.264177
0.470781
0.264188
0.470760
0.264188
0.473194
0.264188
0.643147
0.264177
0.264178
0.264177
0.473890
0.264188
0.470760
0.264188
0.470778
0.264188
0.473195
0.264188
0.264178
0.264177
0.470778
0.264188
0.473890
0.264188
0.528355
0.264188
0.528355
0.264188
0.473194
0.264188
0.264177
0.264177
0.264177
0.264177
0.473890
0.264188
0.470760
0.264188
0.470778
0.264188
0.473195
0.264188
0.264177
0.264177
0.470778
0.264188
0.473890
0.264188
0.528355
0.264188
0.528355
0.264188
0.473194
0.264188
0.473890
0.264188
0.265599
0.264177
0.265599
0.264177
0.528355
0.264188
0.426669
0.264177
0.266716
0.264177
0.264177
0.264177
0.528355
0.264188
0.470778
0.264188
0.470760
0.264188
0.528355
0.264188
0.528355
0.264188
0.473890
0.264188
0.264177
0.264188
0.264177
0.264177
0.473890
0.264188
0.264177
0.264177
0.264177
0.264177
0.264177
0.264177
0.473945
0.264188
0.528355
0.264188
0.473890
0.264188
0.264177
0.264177
0.473945
0.264188
0.528355
0.264188
0.473195
0.264188
0.264177
0.264177
0.473890
0.264188
0.264177
0.264177
0.264177
0.264177
0.264177
0.264177
0.473945
0.264188
0.470770
0.264188
0.473890
0.264188
0.264178
0.264177
0.264177
0.264177
0.473945
0.264188
0.528355
0.264188
0.264180
0.264177
0.264179
0.264177
0.528355
0.264188
0.265599
0.264177
0.264177
0.264177
0.264177
0.264177
0.000000
0.264166
0.528355
0.264188
0.264177
0.264177
0.264177
0.264177
0.264177
0.264177
0.264177
0.264177
0.264177
0.264177
0.264177
0.264177
0.264177
0.264177
0.264177
0.264177
0.264177
0.264177
0.264177
0.264177
0.264177
0.264177
0.266317
0.264177
0.265600
0.264177
0.472094
0.264188
0.264179
0.264177
0.264177
0.264177
0.264177
0.264177
0.264177
0.264177
0.264177
0.264177
0.470938
0.264188
0.264177
0.264177
0.264179
0.264177
0.264179
0.264177
0.470906
0.264188
0.264178
0.264177
0.265923
0.264177
0.264177
0.264177
0.264189
0.264178
0.264178
0.264177
0.264177
0.264177
0.264178
0.264177
0.264179
0.264177
0.264177
0.264177
0.787347
0.264177
0.418003
0.264177
0.787347
0.264177
0.342077
0.264177
0.787347
0.264177
0.342077
0.264177
0.264177
0.264177
0.264177
0.264177
0.264177
0.264177
0.265600
0.264177
0.528355
0.264188
0.264177
0.264177
0.273992
0.264177
0.264177
0.264177
0.264177
0.264177
0.528355
0.264188
0.264177
0.264177
0.264177
0.264177
0.470939
0.264188
0.264177
0.264177
0.528355
0.264188
0.528355
0.264188
0.273992
0.264177
0.264177
0.264177
0.265600
0.264177
0.528355
0.264188
0.264177
0.264177
0.264177
0.264177
0.470939
0.264188
0.264177
0.264177
0.264177
0.264177
0.264177
0.264177
0.264177
0.264177
0.273992
0.264177
0.273992
0.264177
0.264177
0.264177
0.265600
0.264177
0.528355
0.264188
0.470907
0.264188
0.264177
0.264177
0.528355
0.264188
0.265600
0.264177
0.265601
0.264177
0.858041
0.806953
0.528355
0.264188
0.528355
0.264188
0.264177
0.264177
0.264177
0.264177
0.273992
0.264177
0.818324
0.534014
0.858041
0.534015
0.858041
0.806953
0.924803
0.264187
0.594130
0.264177
0.787347
0.264177
0.594130
0.264177
0.787347
0.264177
0.594130
0.264177
0.264177
0.264177
0.264177
0.378511
0.715594
0.377032
0.285847
0.358942
0.349578
0.358942
0.264177
0.354088
0.462222
0.363200
1.000000
0.390074
0.455046
0.390074
0.264177
0.264250
0.264322
0.264250
0.264192
0.264242
0.264237
0.264242
