0.211585
0.193645
0.193645
0.193645
0.387290
0.193653
0.193645
0.193645
0.193645
0.193645
0.193645
0.193645
0.387290
0.193653
0.193645
0.193645
0.194691
0.193645
0.193645
0.193645
0.387290
0.193653
0.193645
0.193645
0.193645
0.193645
0.193645
0.193645
0.193645
0.193645
0.345192
0.193653
0.346051
0.193653
0.193645
0.193645
0.199575
0.193645
0.194691
0.193645
0.193645
0.193645
0.345193
0.193653
0.194691
0.193645
0.346051
0.193653
0.193645
0.193645
0.193645
0.193645
0.194691
0.193645
0.345192
0.193653
0.387290
0.193653
0.346051
0.193653
0.387290
0.193653
0.194691
0.193645
0.387290
0.193653
0.193645
0.193645
0.194691
0.193645
0.345148
0.193653
0.193645
0.193645
0.193645
0.193653
0.387290
0.193653
0.387290
0.193653
0.387290
0.193653
0.193645
0.193653
0.193645
0.193645
0.387290
0.193653
0.193645
0.193645
0.193645
0.193645
0.193645
0.193653
0.193645
0.193645
0.193645
0.193645
0.193645
0.193645
0.387290
0.193653
0.193645
0.193645
0.193645
0.193645
0.193645
0.193653
0.193645
0.193645
0.193645
0.193645
0.194691
0.193645
0.193645
0.193645
0.387290
0.193653
0.193645
0.193645
0.193645
0.193645
0.193645
0.193645
0.345178
0.193653
0.194691
0.193645
0.347406
0.193653
0.387290
0.193653
0.193645
0.193645
0.346856
0.193653
0.193645
0.193645
0.193645
0.193645
0.387290
0.193653
0.193645
0.193645
0.387290
0.193653
0.387290
0.193653
0.345178
0.193653
0.346051
0.193653
0.387290
0.193653
0.346857
0.193653
0.347407
0.193653
0.193645
0.193645
0.347407
0.193653
0.346847
0.193653
0.346847
0.193653
0.346857
0.193653
0.193645
0.193645
0.346847
0.193653
0.347407
0.193653
0.387290
0.193653
0.387290
0.193653
0.346857
0.193653
0.193678
0.193645
0.345088
0.193653
0.345073
0.193653
0.346857
0.193653
0.471434
0.193645
0.193645
0.193645
0.347367
0.193653
0.345073
0.193653
0.345086
0.193653
0.346857
0.193653
0.193645
0.193645
0.345086
0.193653
0.347367
0.193653
0.387290
0.193653
0.387290
0.193653
0.346857
0.193653
0.193645
0.193645
0.193645
0.193645
0.347367
0.193653
0.345073
0.193653
0.345086
0.193653
0.346857
0.193653
0.193645
0.193645
0.345086
0.193653
0.347367
0.193653
0.387290
0.193653
0.387290
0.193653
0.346857
0.193653
0.347367
0.193653
0.194688
0.193645
0.194687
0.193645
0.387290
0.193653
0.312754
0.193645
0.195506
0.193645
0.193645
0.193645
0.387290
0.193653
0.345086
0.193653
0.345073
0.193653
0.387290
0.193653
0.387290
0.193653
0.347367
0.193653
0.193645
0.193653
0.193645
0.193645
0.347367
0.193653
0.193645
0.193645
0.193645
0.193645
0.193645
0.193645
0.347408
0.193653
0.387290
0.193653
0.347367
0.193653
0.193645
0.193645
0.347407
0.193653
0.387290
0.193653
0.346858
0.193653
0.193645
0.193645
0.347367
0.193653
0.193645
0.193645
0.193645
0.193645
0.193645
0.193645
0.347407
0.193653
0.345080
0.193653
0.347367
0.193653
0.193645
0.193645
0.193645
0.193645
0.347408
0.193653
0.387290
0.193653
0.193647
0.193645
0.193646
0.193645
0.387290
0.193653
0.194688
0.193645
0.193645
0.193645
0.193645
0.193645
0.000000
0.193637
0.387290
0.193653
0.193645
0.193645
0.193645
0.193645
0.193645
0.193645
0.193645
0.193645
0.193645
0.193645
0.193645
0.193645
0.193645
0.193645
0.193645
0.193645
0.193645
0.193645
0.193645
0.193645
0.193645
0.193645
0.195213
0.193645
0.194688
0.193645
0.346051
0.193653
0.193646
0.193645
0.193645
0.193645
0.193645
0.193645
0.193645
0.193645
0.193645
0.193645
0.345203
0.193653
0.193645
0.193645
0.193646
0.193645
0.193646
0.193645
0.345180
0.193653
0.193646
0.193645
0.194924
0.193645
0.193645
0.193645
0.193653
0.193645
0.193645
0.193645
0.193645
0.193645
0.193646
0.193645
0.193646
0.193645
0.193645
0.193645
0.577135
0.193645
0.306401
0.193645
0.577135
0.193645
0.250747
0.193645
0.577135
0.193645
0.250747
0.193645
0.193645
0.193645
0.193645
0.193645
0.193645
0.193645
0.194688
0.193645
0.387291
0.193653
0.193645
0.193645
0.200640
0.193645
0.193645
0.193645
0.193645
0.193645
0.387291
0.193653
0.193645
0.193645
0.193645
0.193645
0.345204
0.193653
0.193645
0.193645
0.387290
0.193653
0.387290
0.193653
0.200640
0.193645
0.193645
0.193645
0.194688
0.193645
0.387291
0.193653
0.193645
0.193645
0.193645
0.193645
0.345204
0.193653
0.193645
0.193645
0.193645
0.193645
0.193645
0.193645
0.193645
0.193645
0.200640
0.193645
0.200640
0.193645
0.193645
0.193645
0.194688
0.193645
0.387291
0.193653
0.345180
0.193653
0.193645
0.193645
0.387290
0.193653
0.194688
0.193645
0.194688
0.193645
0.628954
0.591506
0.387290
0.193653
0.387290
0.193653
0.193645
0.193645
0.193645
0.193645
0.200640
0.193645
0.599841
0.391439
0.628954
0.391439
0.628954
0.591506
0.677892
0.193653
0.435505
0.193645
0.577135
0.193645
0.435505
0.193645
0.577135
0.193645
0.435505
0.193645
0.193645
0.193645
0.193645
0.298909
0.667600
0.312134
0.229113
0.277288
0.284069
0.277288
0.193645
0.243451
0.254854
0.224249
1.000000
0.272540
0.253480
0.272540
0.193645
0.193707
0.193777
0.193711
0.193660
0.193698
0.193701
0.193698
