0.210884
0.195648
0.195648
0.195648
0.391296
0.195656
0.195648
0.195648
0.195648
0.195648
0.195648
0.195648
0.391296
0.195656
0.195648
0.195648
0.196705
0.195648
0.195648
0.195648
0.391296
0.195656
0.195648
0.195648
0.195648
0.195648
0.195648
0.195648
0.195648
0.195648
0.348763
0.195656
0.349631
0.195656
0.195648
0.195648
0.201639
0.195648
0.196705
0.195648
0.195648
0.195648
0.348764
0.195656
0.196705
0.195648
0.349631
0.195656
0.195648
0.195648
0.195648
0.195648
0.196705
0.195648
0.348763
0.195656
0.391296
0.195656
0.349631
0.195656
0.391297
0.195656
0.196705
0.195648
0.391297
0.195656
0.195648
0.195648
0.196705
0.195648
0.348718
0.195656
0.195648
0.195648
0.195648
0.195656
0.391296
0.195656
0.391296
0.195656
0.391296
0.195656
0.195648
0.195656
0.195648
0.195648
0.391296
0.195656
0.195648
0.195648
0.195648
0.195648
0.195648
0.195656
0.195648
0.195648
0.195648
0.195648
0.195648
0.195648
0.391296
0.195656
0.195648
0.195648
0.195648
0.195648
0.195648
0.195656
0.195648
0.195648
0.195648
0.195648
0.196705
0.195648
0.195648
0.195648
0.391296
0.195656
0.195648
0.195648
0.195648
0.195648
0.195648
0.195648
0.348749
0.195656
0.196705
0.195648
0.351000
0.195656
0.391296
0.195656
0.195648
0.195648
0.350443
0.195656
0.195648
0.195648
0.195648
0.195648
0.391296
0.195656
0.195648
0.195648
0.391297
0.195656
0.391297
0.195656
0.348749
0.195656
0.349631
0.195656
0.391296
0.195656
0.350445
0.195656
0.351001
0.195656
0.195648
0.195648
0.351001
0.195656
0.350435
0.195656
0.350435
0.195656
0.350445
0.195656
0.195648
0.195648
0.350435
0.195656
0.351001
0.195656
0.391296
0.195656
0.391296
0.195656
0.350445
0.195656
0.195682
0.195648
0.348657
0.195656
0.348642
0.195656
0.350445
0.195656
0.476311
0.195648
0.195649
0.195648
0.350960
0.195656
0.348642
0.195656
0.348656
0.195656
0.350445
0.195656
0.195649
0.195648
0.348656
0.195656
0.350960
0.195656
0.391296
0.195656
0.391296
0.195656
0.350445
0.195656
0.195648
0.195648
0.195648
0.195648
0.350960
0.195656
0.348642
0.195656
0.348656
0.195656
0.350445
0.195656
0.195648
0.195648
0.348656
0.195656
0.350960
0.195656
0.391296
0.195656
0.391296
0.195656
0.350445
0.195656
0.350961
0.195656
0.196701
0.195648
0.196701
0.195648
0.391296
0.195656
0.315989
0.195648
0.197529
0.195648
0.195648
0.195648
0.391296
0.195656
0.348656
0.195656
0.348642
0.195656
0.391296
0.195656
0.391296
0.195656
0.350961
0.195656
0.195648
0.195656
0.195648
0.195648
0.350961
0.195656
0.195648
0.195648
0.195648
0.195648
0.195648
0.195648
0.351001
0.195656
0.391296
0.195656
0.350961
0.195656
0.195648
0.195648
0.351001
0.195656
0.391296
0.195656
0.350445
0.195656
0.195648
0.195648
0.350961
0.195656
0.195648
0.195648
0.195648
0.195648
0.195648
0.195648
0.351001
0.195656
0.348649
0.195656
0.350960
0.195656
0.195648
0.195648
0.195648
0.195648
0.351001
0.195656
0.391296
0.195656
0.195650
0.195648
0.195649
0.195648
0.391296
0.195656
0.196701
0.195648
0.195648
0.195648
0.195648
0.195648
0.000000
0.195640
0.391296
0.195656
0.195648
0.195648
0.195648
0.195648
0.195648
0.195648
0.195648
0.195648
0.195648
0.195648
0.195648
0.195648
0.195648
0.195648
0.195648
0.195648
0.195648
0.195648
0.195648
0.195648
0.195648
0.195648
0.197233
0.195648
0.196702
0.195648
0.349630
0.195656
0.195649
0.195648
0.195648
0.195648
0.195648
0.195648
0.195648
0.195648
0.195648
0.195648
0.348774
0.195656
0.195648
0.195648
0.195649
0.195648
0.195649
0.195648
0.348751
0.195656
0.195649
0.195648
0.196941
0.195648
0.195648
0.195648
0.195657
0.195648
0.195648
0.195648
0.195648
0.195648
0.195649
0.195648
0.195649
0.195648
0.195648
0.195648
0.583105
0.195648
0.309570
0.195648
0.583105
0.195648
0.253341
0.195648
0.583105
0.195648
0.253341
0.195648
0.195648
0.195648
0.195648
0.195648
0.195648
0.195648
0.196702
0.195648
0.391297
0.195656
0.195648
0.195648
0.202840
0.195648
0.195648
0.195648
0.195648
0.195648
0.391297
0.195656
0.195648
0.195648
0.195648
0.195648
0.348774
0.195656
0.195648
0.195648
0.391297
0.195656
0.391297
0.195656
0.202840
0.195648
0.195648
0.195648
0.196702
0.195648
0.391297
0.195656
0.195648
0.195648
0.195648
0.195648
0.348774
0.195656
0.195648
0.195648
0.195648
0.195648
0.195648
0.195648
0.195648
0.195648
0.202840
0.195648
0.202840
0.195648
0.195648
0.195648
0.196702
0.195648
0.391297
0.195656
0.348751
0.195656
0.195648
0.195648
0.391297
0.195656
0.196702
0.195648
0.196702
0.195648
0.635460
0.597625
0.391297
0.195656
0.391297
0.195656
0.195648
0.195648
0.195648
0.195648
0.202840
0.195648
0.606046
0.395488
0.635460
0.395488
0.635460
0.597625
0.684904
0.195656
0.440009
0.195648
0.583105
0.195648
0.440009
0.195648
0.583105
0.195648
0.440009
0.195648
0.195648
0.195648
0.195648
0.250812
0.454499
0.260361
0.208279
0.240788
0.242815
0.240788
0.195648
0.296322
0.324524
0.260086
1.000000
0.345427
0.328252
0.345427
0.195648
0.195697
0.195757
0.195702
0.195658
0.195691
0.195692
0.195691
