0.320176
0.285658
0.285658
0.285658
0.571315
0.285670
0.285658
0.285658
0.285658
0.285658
0.285658
0.285658
0.571316
0.285670
0.285658
0.285658
0.287201
0.285658
0.285658
0.285658
0.571315
0.285670
0.285658
0.285658
0.285658
0.285658
0.285658
0.285658
0.285658
0.285658
0.509214
0.285670
0.510482
0.285670
0.285658
0.285658
0.294405
0.285658
0.287201
0.285658
0.285658
0.285658
0.509216
0.285670
0.287201
0.285658
0.510482
0.285670
0.285658
0.285658
0.285658
0.285658
0.287201
0.285658
0.509215
0.285670
0.571315
0.285670
0.510482
0.285670
0.571316
0.285670
0.287201
0.285658
0.571316
0.285670
0.285658
0.285658
0.287201
0.285658
0.509149
0.285670
0.285658
0.285658
0.285658
0.285670
0.571315
0.285670
0.571316
0.285670
0.571315
0.285670
0.285658
0.285670
0.285658
0.285658
0.571316
0.285670
0.285658
0.285658
0.285658
0.285658
0.285658
0.285670
0.285658
0.285658
0.285658
0.285658
0.285658
0.285658
0.571316
0.285670
0.285658
0.285658
0.285658
0.285658
0.285658
0.285670
0.285658
0.285658
0.285658
0.285658
0.287201
0.285658
0.285658
0.285658
0.571316
0.285670
0.285658
0.285658
0.285658
0.285658
0.285658
0.285658
0.509194
0.285670
0.287201
0.285658
0.512481
0.285670
0.571316
0.285670
0.285658
0.285658
0.511668
0.285670
0.285658
0.285658
0.285658
0.285658
0.571316
0.285670
0.285658
0.285658
0.571316
0.285670
0.571316
0.285670
0.509194
0.285670
0.510482
0.285670
0.571315
0.285670
0.511670
0.285670
0.512482
0.285670
0.285658
0.285658
0.512482
0.285670
0.511655
0.285670
0.511656
0.285670
0.511671
0.285670
0.285658
0.285658
0.511656
0.285670
0.512482
0.285670
0.571316
0.285670
0.571316
0.285670
0.511670
0.285670
0.285707
0.285658
0.509060
0.285670
0.509038
0.285670
0.511670
0.285670
0.695442
0.285658
0.285658
0.285658
0.512422
0.285670
0.509038
0.285670
0.509058
0.285670
0.511671
0.285670
0.285658
0.285658
0.509058
0.285670
0.512422
0.285670
0.571316
0.285670
0.571316
0.285670
0.511670
0.285670
0.285658
0.285658
0.285658
0.285658
0.512422
0.285670
0.509038
0.285670
0.509058
0.285670
0.511671
0.285670
0.285658
0.285658
0.509058
0.285670
0.512422
0.285670
0.571316
0.285670
0.571316
0.285670
0.511670
0.285670
0.512423
0.285670
0.287196
0.285658
0.287195
0.285658
0.571316
0.285670
0.461362
0.285658
0.288403
0.285658
0.285658
0.285658
0.571316
0.285670
0.509058
0.285670
0.509038
0.285670
0.571316
0.285670
0.571316
0.285670
0.512423
0.285670
0.285658
0.285670
0.285658
0.285658
0.512423
0.285670
0.285658
0.285658
0.285658
0.285658
0.285658
0.285658
0.512483
0.285670
0.571316
0.285670
0.512423
0.285670
0.285658
0.285658
0.512482
0.285670
0.571316
0.285670
0.511671
0.285670
0.285658
0.285658
0.512423
0.285670
0.285658
0.285658
0.285658
0.285658
0.285658
0.285658
0.512482
0.285670
0.509048
0.285670
0.512422
0.285670
0.285658
0.285658
0.285658
0.285658
0.512483
0.285670
0.571316
0.285670
0.285661
0.285658
0.285659
0.285658
0.571316
0.285670
0.287196
0.285658
0.285658
0.285658
0.285658
0.285658
0.000000
0.285646
0.571316
0.285670
0.285658
0.285658
0.285658
0.285658
0.285658
0.285658
0.285658
0.285658
0.285658
0.285658
0.285658
0.285658
0.285658
0.285658
0.285658
0.285658
0.285658
0.285658
0.285658
0.285658
0.285658
0.285658
0.287971
0.285658
0.287196
0.285658
0.510481
0.285670
0.285659
0.285658
0.285658
0.285658
0.285658
0.285658
0.285658
0.285658
0.285658
0.285658
0.509231
0.285670
0.285658
0.285658
0.285659
0.285658
0.285659
0.285658
0.509196
0.285670
0.285659
0.285658
0.287545
0.285658
0.285658
0.285658
0.285670
0.285658
0.285658
0.285658
0.285658
0.285658
0.285658
0.285658
0.285659
0.285658
0.285658
0.285658
0.851368
0.285658
0.451991
0.285658
0.851368
0.285658
0.369892
0.285658
0.851368
0.285658
0.369892
0.285658
0.285658
0.285658
0.285658
0.285658
0.285658
0.285658
0.287196
0.285658
0.571316
0.285670
0.285658
0.285658
0.296271
0.285658
0.285658
0.285658
0.285658
0.285658
0.571316
0.285670
0.285658
0.285658
0.285658
0.285658
0.509231
0.285670
0.285658
0.285658
0.571316
0.285670
0.571316
0.285670
0.296271
0.285658
0.285658
0.285658
0.287196
0.285658
0.571316
0.285670
0.285658
0.285658
0.285658
0.285658
0.509231
0.285670
0.285658
0.285658
0.285658
0.285658
0.285658
0.285658
0.285658
0.285658
0.296271
0.285658
0.296271
0.285658
0.285658
0.285658
0.287196
0.285658
0.571316
0.285670
0.509196
0.285670
0.285658
0.285658
0.571316
0.285670
0.287196
0.285658
0.287197
0.285658
0.927809
0.872567
0.571316
0.285670
0.571316
0.285670
0.285658
0.285658
0.285658
0.285658
0.296271
0.285658
0.884863
0.577436
0.927809
0.577436
0.927809
0.872567
1.000000
0.285669
0.642440
0.285658
0.851368
0.285658
0.642440
0.285658
0.851367
0.285658
0.642440
0.285658
0.285658
0.285658
0.285658
0.459891
0.908862
0.441459
0.298026
0.419147
0.410378
0.419147
0.285658
0.340692
0.447940
0.366799
0.665967
0.380912
0.420587
0.380912
0.285658
0.285748
0.285827
0.285742
0.285667
0.285733
0.285731
0.285733
