0.321327
0.285658
0.285658
0.285658
0.571315
0.285670
0.285658
0.285658
0.285658
0.285658
0.285658
0.285658
0.571316
0.285670
0.285658
0.285658
0.287201
0.285658
0.285658
0.285658
0.571315
0.285670
0.285658
0.285658
0.285658
0.285658
0.285658
0.285658
0.285658
0.285658
0.509214
0.285670
0.510481
0.285670
0.285658
0.285658
0.294405
0.285658
0.287201
0.285658
0.285658
0.285658
0.509216
0.285670
0.287201
0.285658
0.510481
0.285670
0.285658
0.285658
0.285658
0.285658
0.287201
0.285658
0.509214
0.285670
0.571315
0.285670
0.510481
0.285670
0.571316
0.285670
0.287201
0.285658
0.571316
0.285670
0.285658
0.285658
0.287201
0.285658
0.509149
0.285670
0.285658
0.285658
0.285658
0.285670
0.571315
0.285670
0.571315
0.285670
0.571315
0.285670
0.285658
0.285670
0.285658
0.285658
0.571315
0.285670
0.285658
0.285658
0.285658
0.285658
0.285658
0.285670
0.285658
0.285658
0.285658
0.285658
0.285658
0.285658
0.571315
0.285670
0.285658
0.285658
0.285658
0.285658
0.285658
0.285670
0.285658
0.285658
0.285658
0.285658
0.287201
0.285658
0.285658
0.285658
0.571315
0.285670
0.285658
0.285658
0.285658
0.285658
0.285658
0.285658
0.509193
0.285670
0.287201
0.285658
0.512480
0.285670
0.571315
0.285670
0.285658
0.285658
0.511668
0.285670
0.285658
0.285658
0.285658
0.285658
0.571315
0.285670
0.285658
0.285658
0.571316
0.285670
0.571316
0.285670
0.509193
0.285670
0.510481
0.285670
0.571315
0.285670
0.511670
0.285670
0.512482
0.285670
0.285658
0.285658
0.512481
0.285670
0.511655
0.285670
0.511655
0.285670
0.511670
0.285670
0.285658
0.285658
0.511655
0.285670
0.512481
0.285670
0.571315
0.285670
0.571315
0.285670
0.511670
0.285670
0.285707
0.285658
0.509060
0.285670
0.509038
0.285670
0.511670
0.285670
0.695441
0.285658
0.285658
0.285658
0.512422
0.285670
0.509038
0.285670
0.509058
0.285670
0.511670
0.285670
0.285658
0.285658
0.509058
0.285670
0.512422
0.285670
0.571315
0.285670
0.571315
0.285670
0.511670
0.285670
0.285658
0.285658
0.285658
0.285658
0.512422
0.285670
0.509038
0.285670
0.509058
0.285670
0.511670
0.285670
0.285658
0.285658
0.509058
0.285670
0.512422
0.285670
0.571315
0.285670
0.571315
0.285670
0.511670
0.285670
0.512423
0.285670
0.287195
0.285658
0.287195
0.285658
0.571315
0.285670
0.461362
0.285658
0.288403
0.285658
0.285658
0.285658
0.571316
0.285670
0.509058
0.285670
0.509038
0.285670
0.571315
0.285670
0.571316
0.285670
0.512423
0.285670
0.285658
0.285670
0.285658
0.285658
0.512423
0.285670
0.285658
0.285658
0.285658
0.285658
0.285658
0.285658
0.512482
0.285670
0.571316
0.285670
0.512423
0.285670
0.285658
0.285658
0.512482
0.285670
0.571316
0.285670
0.511671
0.285670
0.285658
0.285658
0.512423
0.285670
0.285658
0.285658
0.285658
0.285658
0.285658
0.285658
0.512482
0.285670
0.509048
0.285670
0.512422
0.285670
0.285658
0.285658
0.285658
0.285658
0.512482
0.285670
0.571316
0.285670
0.285661
0.285658
0.285659
0.285658
0.571316
0.285670
0.287195
0.285658
0.285658
0.285658
0.285658
0.285658
0.000000
0.285646
0.571316
0.285670
0.285658
0.285658
0.285658
0.285658
0.285658
0.285658
0.285658
0.285658
0.285658
0.285658
0.285658
0.285658
0.285658
0.285658
0.285658
0.285658
0.285658
0.285658
0.285658
0.285658
0.285658
0.285658
0.287971
0.285658
0.287196
0.285658
0.510480
0.285670
0.285659
0.285658
0.285658
0.285658
0.285658
0.285658
0.285658
0.285658
0.285658
0.285658
0.509231
0.285670
0.285658
0.285658
0.285659
0.285658
0.285659
0.285658
0.509196
0.285670
0.285659
0.285658
0.287545
0.285658
0.285658
0.285658
0.285670
0.285658
0.285658
0.285658
0.285658
0.285658
0.285658
0.285658
0.285659
0.285658
0.285658
0.285658
0.851367
0.285658
0.451991
0.285658
0.851367
0.285658
0.369892
0.285658
0.851367
0.285658
0.369892
0.285658
0.285658
0.285658
0.285658
0.285658
0.285658
0.285658
0.287196
0.285658
0.571316
0.285670
0.285658
0.285658
0.296285
0.285658
0.285658
0.285658
0.285658
0.285658
0.571316
0.285670
0.285658
0.285658
0.285658
0.285658
0.509231
0.285670
0.285658
0.285658
0.571316
0.285670
0.571316
0.285670
0.296285
0.285658
0.285658
0.285658
0.287196
0.285658
0.571316
0.285670
0.285658
0.285658
0.285658
0.285658
0.509231
0.285670
0.285658
0.285658
0.285658
0.285658
0.285658
0.285658
0.285658
0.285658
0.296285
0.285658
0.296285
0.285658
0.285658
0.285658
0.287196
0.285658
0.571316
0.285670
0.509196
0.285670
0.285658
0.285658
0.571316
0.285670
0.287196
0.285658
0.287197
0.285658
0.927808
0.872567
0.571316
0.285670
0.571316
0.285670
0.285658
0.285658
0.285658
0.285658
0.296285
0.285658
0.884863
0.577436
0.927808
0.577436
0.927808
0.872567
1.000000
0.285669
0.642439
0.285658
0.851367
0.285658
0.642439
0.285658
0.851367
0.285658
0.642439
0.285658
0.285658
0.285658
0.285658
0.377285
0.712497
0.392368
0.297944
0.367733
0.358192
0.367733
0.285658
0.435576
0.488711
0.387184
0.939937
0.452384
0.545641
0.452384
0.285658
0.285728
0.285813
0.285735
0.285669
0.285723
0.285717
0.285723
