0.255148
0.236126
0.236126
0.236126
0.472251
0.236136
0.236126
0.236126
0.236126
0.236126
0.236126
0.236126
0.472252
0.236136
0.236126
0.236126
0.237401
0.236126
0.236126
0.236126
0.472251
0.236136
0.236126
0.236126
0.236126
0.236126
0.236126
0.236126
0.236126
0.236126
0.420918
0.236136
0.421966
0.236136
0.236126
0.236126
0.243356
0.236126
0.237402
0.236126
0.236126
0.236126
0.420920
0.236136
0.237401
0.236126
0.421966
0.236136
0.236126
0.236126
0.236126
0.236126
0.237402
0.236126
0.420919
0.236136
0.472252
0.236136
0.421966
0.236136
0.472252
0.236136
0.237402
0.236126
0.472252
0.236136
0.236126
0.236126
0.237402
0.236126
0.420864
0.236136
0.236126
0.236126
0.236126
0.236136
0.472252
0.236136
0.472252
0.236136
0.472252
0.236136
0.236126
0.236136
0.236126
0.236126
0.472252
0.236136
0.236126
0.236126
0.236126
0.236126
0.236126
0.236136
0.236126
0.236126
0.236126
0.236126
0.236126
0.236126
0.472252
0.236136
0.236126
0.236126
0.236126
0.236126
0.236126
0.236136
0.236126
0.236126
0.236126
0.236126
0.237402
0.236126
0.236126
0.236126
0.472252
0.236136
0.236126
0.236126
0.236126
0.236126
0.236126
0.236126
0.420901
0.236136
0.237402
0.236126
0.423618
0.236136
0.472252
0.236136
0.236126
0.236126
0.422947
0.236136
0.236126
0.236126
0.236126
0.236126
0.472252
0.236136
0.236126
0.236126
0.472252
0.236136
0.472252
0.236136
0.420901
0.236136
0.421966
0.236136
0.472252
0.236136
0.422948
0.236136
0.423620
0.236136
0.236126
0.236126
0.423619
0.236136
0.422936
0.236136
0.422936
0.236136
0.422949
0.236136
0.236126
0.236126
0.422936
0.236136
0.423619
0.236136
0.472252
0.236136
0.472252
0.236136
0.422948
0.236136
0.236166
0.236126
0.420791
0.236136
0.420773
0.236136
0.422948
0.236136
0.574855
0.236126
0.236126
0.236126
0.423570
0.236136
0.420773
0.236136
0.420789
0.236136
0.422949
0.236136
0.236126
0.236126
0.420789
0.236136
0.423570
0.236136
0.472252
0.236136
0.472252
0.236136
0.422948
0.236136
0.236126
0.236126
0.236126
0.236126
0.423570
0.236136
0.420773
0.236136
0.420789
0.236136
0.422949
0.236136
0.236126
0.236126
0.420789
0.236136
0.423570
0.236136
0.472252
0.236136
0.472252
0.236136
0.422948
0.236136
0.423571
0.236136
0.237397
0.236126
0.237397
0.236126
0.472252
0.236136
0.381364
0.236126
0.238395
0.236126
0.236126
0.236126
0.472252
0.236136
0.420789
0.236136
0.420773
0.236136
0.472252
0.236136
0.472252
0.236136
0.423571
0.236136
0.236126
0.236136
0.236126
0.236126
0.423571
0.236136
0.236126
0.236126
0.236126
0.236126
0.236126
0.236126
0.423620
0.236136
0.472252
0.236136
0.423571
0.236136
0.236126
0.236126
0.423620
0.236136
0.472252
0.236136
0.422949
0.236136
0.236126
0.236126
0.423571
0.236136
0.236126
0.236126
0.236126
0.236126
0.236126
0.236126
0.423620
0.236136
0.420781
0.236136
0.423570
0.236136
0.236126
0.236126
0.236126
0.236126
0.423620
0.236136
0.472252
0.236136
0.236128
0.236126
0.236127
0.236126
0.472252
0.236136
0.237397
0.236126
0.236126
0.236126
0.236126
0.236126
0.000000
0.236116
0.472252
0.236136
0.236126
0.236126
0.236126
0.236126
0.236126
0.236126
0.236126
0.236126
0.236126
0.236126
0.236126
0.236126
0.236126
0.236126
0.236126
0.236126
0.236126
0.236126
0.236126
0.236126
0.236126
0.236126
0.238038
0.236126
0.237397
0.236126
0.421965
0.236136
0.236127
0.236126
0.236126
0.236126
0.236126
0.236126
0.236126
0.236126
0.236126
0.236126
0.420932
0.236136
0.236126
0.236126
0.236127
0.236126
0.236127
0.236126
0.420904
0.236136
0.236127
0.236126
0.237686
0.236126
0.236126
0.236126
0.236136
0.236126
0.236126
0.236126
0.236126
0.236126
0.236126
0.236126
0.236127
0.236126
0.236126
0.236126
0.703744
0.236126
0.373617
0.236126
0.703744
0.236126
0.305754
0.236126
0.703744
0.236126
0.305754
0.236126
0.236126
0.236126
0.236126
0.236126
0.236126
0.236126
0.237397
0.236126
0.472252
0.236136
0.236126
0.236126
0.244718
0.236126
0.236126
0.236126
0.236126
0.236126
0.472252
0.236136
0.236126
0.236126
0.236126
0.236126
0.420932
0.236136
0.236126
0.236126
0.472252
0.236136
0.472252
0.236136
0.244718
0.236126
0.236126
0.236126
0.237397
0.236126
0.472252
0.236136
0.236126
0.236126
0.236126
0.236126
0.420932
0.236136
0.236126
0.236126
0.236126
0.236126
0.236126
0.236126
0.236126
0.236126
0.244718
0.236126
0.244718
0.236126
0.236126
0.236126
0.237397
0.236126
0.472252
0.236136
0.420904
0.236136
0.236126
0.236126
0.472252
0.236136
0.237397
0.236126
0.237398
0.236126
0.766930
0.721267
0.472252
0.236136
0.472252
0.236136
0.236126
0.236126
0.236126
0.236126
0.244718
0.236126
0.731431
0.477311
0.766930
0.477311
0.766930
0.721267
0.826604
0.236135
0.531043
0.236126
0.703744
0.236126
0.531043
0.236126
0.703743
0.236126
0.531043
0.236126
0.236126
0.236126
0.236126
0.324201
0.542840
0.312804
0.247983
0.301670
0.296564
0.301670
0.236126
0.285658
0.391984
0.314055
1.000000
0.325471
0.365082
0.325471
0.236126
0.236199
0.236262
0.236194
0.236137
0.236187
0.236184
0.236187
