0.115489
0.108088
0.108088
0.108088
0.216176
0.108092
0.108088
0.108088
0.108088
0.108088
0.108088
0.108088
0.216176
0.108092
0.108088
0.108088
0.108672
0.108088
0.108088
0.108088
0.216176
0.108092
0.108088
0.108088
0.108088
0.108088
0.108088
0.108088
0.108088
0.108088
0.192677
0.108092
0.193157
0.108092
0.108088
0.108088
0.111398
0.108088
0.108672
0.108088
0.108088
0.108088
0.192678
0.108092
0.108672
0.108088
0.193157
0.108092
0.108088
0.108088
0.108088
0.108088
0.108672
0.108088
0.192678
0.108092
0.216176
0.108092
0.193157
0.108092
0.216176
0.108092
0.108672
0.108088
0.216176
0.108092
0.108088
0.108088
0.108672
0.108088
0.192653
0.108092
0.108088
0.108088
0.108088
0.108092
0.216176
0.108092
0.216176
0.108092
0.216176
0.108092
0.108088
0.108092
0.108088
0.108088
0.216176
0.108092
0.108088
0.108088
0.108088
0.108088
0.108088
0.108092
0.108088
0.108088
0.108088
0.108088
0.108088
0.108088
0.216176
0.108092
0.108088
0.108088
0.108088
0.108088
0.108088
0.108092
0.108088
0.108088
0.108088
0.108088
0.108672
0.108088
0.108088
0.108088
0.216176
0.108092
0.108088
0.108088
0.108088
0.108088
0.108088
0.108088
0.192670
0.108092
0.108672
0.108088
0.193913
0.108092
0.216176
0.108092
0.108088
0.108088
0.193606
0.108092
0.108088
0.108088
0.108088
0.108088
0.216176
0.108092
0.108088
0.108088
0.216176
0.108092
0.216176
0.108092
0.192670
0.108092
0.193157
0.108092
0.216176
0.108092
0.193607
0.108092
0.193914
0.108092
0.108088
0.108088
0.193914
0.108092
0.193601
0.108092
0.193601
0.108092
0.193607
0.108092
0.108088
0.108088
0.193601
0.108092
0.193914
0.108092
0.216176
0.108092
0.216176
0.108092
0.193607
0.108092
0.108106
0.108088
0.192619
0.108092
0.192611
0.108092
0.193607
0.108092
0.263143
0.108088
0.108088
0.108088
0.193891
0.108092
0.192611
0.108092
0.192618
0.108092
0.193607
0.108092
0.108088
0.108088
0.192618
0.108092
0.193891
0.108092
0.216176
0.108092
0.216176
0.108092
0.193607
0.108092
0.108088
0.108088
0.108088
0.108088
0.193891
0.108092
0.192611
0.108092
0.192618
0.108092
0.193607
0.108092
0.108088
0.108088
0.192618
0.108092
0.193891
0.108092
0.216176
0.108092
0.216176
0.108092
0.193607
0.108092
0.193892
0.108092
0.108670
0.108088
0.108670
0.108088
0.216176
0.108092
0.174571
0.108088
0.109127
0.108088
0.108088
0.108088
0.216176
0.108092
0.192618
0.108092
0.192611
0.108092
0.216176
0.108092
0.216176
0.108092
0.193892
0.108092
0.108088
0.108092
0.108088
0.108088
0.193892
0.108092
0.108088
0.108088
0.108088
0.108088
0.108088
0.108088
0.193914
0.108092
0.216176
0.108092
0.193892
0.108092
0.108088
0.108088
0.193914
0.108092
0.216176
0.108092
0.193607
0.108092
0.108088
0.108088
0.193892
0.108092
0.108088
0.108088
0.108088
0.108088
0.108088
0.108088
0.193914
0.108092
0.192615
0.108092
0.193891
0.108092
0.108088
0.108088
0.108088
0.108088
0.193914
0.108092
0.216176
0.108092
0.108089
0.108088
0.108088
0.108088
0.216176
0.108092
0.108670
0.108088
0.108088
0.108088
0.108088
0.108088
0.000000
0.108083
0.216176
0.108092
0.108088
0.108088
0.108088
0.108088
0.108088
0.108088
0.108088
0.108088
0.108088
0.108088
0.108088
0.108088
0.108088
0.108088
0.108088
0.108088
0.108088
0.108088
0.108088
0.108088
0.108088
0.108088
0.108963
0.108088
0.108670
0.108088
0.193157
0.108092
0.108088
0.108088
0.108088
0.108088
0.108088
0.108088
0.108088
0.108088
0.108088
0.108088
0.192684
0.108092
0.108088
0.108088
0.108088
0.108088
0.108088
0.108088
0.192671
0.108092
0.108088
0.108088
0.108802
0.108088
0.108088
0.108088
0.108092
0.108088
0.108088
0.108088
0.108088
0.108088
0.108088
0.108088
0.108088
0.108088
0.108088
0.108088
0.322142
0.108088
0.171025
0.108088
0.322142
0.108088
0.139961
0.108088
0.322142
0.108088
0.139961
0.108088
0.108088
0.108088
0.108088
0.108088
0.108088
0.108088
0.108670
0.108088
0.216176
0.108092
0.108088
0.108088
0.112015
0.108088
0.108088
0.108088
0.108088
0.108088
0.216176
0.108092
0.108088
0.108088
0.108088
0.108088
0.192684
0.108092
0.108088
0.108088
0.216176
0.108092
0.216176
0.108092
0.112015
0.108088
0.108088
0.108088
0.108670
0.108088
0.216176
0.108092
0.108088
0.108088
0.108088
0.108088
0.192684
0.108092
0.108088
0.108088
0.108088
0.108088
0.108088
0.108088
0.108088
0.108088
0.112015
0.108088
0.112015
0.108088
0.108088
0.108088
0.108670
0.108088
0.216176
0.108092
0.192671
0.108092
0.108088
0.108088
0.216176
0.108092
0.108670
0.108088
0.108670
0.108088
0.351066
0.330164
0.216176
0.108092
0.216176
0.108092
0.108088
0.108088
0.108088
0.108088
0.112015
0.108088
0.334816
0.218491
0.351066
0.218492
0.351066
0.330164
0.378382
0.108092
0.243088
0.108088
0.322142
0.108088
0.243088
0.108088
0.322142
0.108088
0.243088
0.108088
0.108088
0.108088
0.108088
0.395533
1.000000
0.331066
0.167686
0.307282
0.304174
0.307282
0.108088
0.113106
0.130482
0.119285
0.283688
0.121628
0.121540
0.121628
0.108088
0.108138
0.108174
0.108131
0.108099
0.108128
0.108128
0.108128
