0.207293
0.185166
0.185166
0.185166
0.370332
0.185174
0.185166
0.185166
0.185166
0.185166
0.185166
0.185166
0.370332
0.185174
0.185166
0.185166
0.186167
0.185166
0.185166
0.185166
0.370332
0.185174
0.185166
0.185166
0.185166
0.185166
0.185166
0.185166
0.185166
0.185166
0.330077
0.185174
0.330899
0.185174
0.185166
0.185166
0.190836
0.185166
0.186167
0.185166
0.185166
0.185166
0.330079
0.185174
0.186167
0.185166
0.330899
0.185174
0.185166
0.185166
0.185166
0.185166
0.186167
0.185166
0.330078
0.185174
0.370332
0.185174
0.330899
0.185174
0.370333
0.185174
0.186167
0.185166
0.370333
0.185174
0.185166
0.185166
0.186167
0.185166
0.330035
0.185174
0.185166
0.185166
0.185166
0.185174
0.370332
0.185174
0.370332
0.185174
0.370332
0.185174
0.185166
0.185174
0.185166
0.185166
0.370332
0.185174
0.185166
0.185166
0.185166
0.185166
0.185166
0.185174
0.185166
0.185166
0.185166
0.185166
0.185166
0.185166
0.370332
0.185174
0.185166
0.185166
0.185166
0.185166
0.185166
0.185174
0.185166
0.185166
0.185166
0.185166
0.186167
0.185166
0.185166
0.185166
0.370332
0.185174
0.185166
0.185166
0.185166
0.185166
0.185166
0.185166
0.330064
0.185174
0.186167
0.185166
0.332195
0.185174
0.370332
0.185174
0.185166
0.185166
0.331668
0.185174
0.185166
0.185166
0.185166
0.185166
0.370332
0.185174
0.185166
0.185166
0.370333
0.185174
0.370333
0.185174
0.330064
0.185174
0.330899
0.185174
0.370332
0.185174
0.331669
0.185174
0.332196
0.185174
0.185166
0.185166
0.332196
0.185174
0.331660
0.185174
0.331660
0.185174
0.331670
0.185174
0.185166
0.185166
0.331660
0.185174
0.332196
0.185174
0.370332
0.185174
0.370332
0.185174
0.331669
0.185174
0.185198
0.185166
0.329978
0.185174
0.329964
0.185174
0.331669
0.185174
0.450792
0.185166
0.185167
0.185166
0.332157
0.185174
0.329964
0.185174
0.329976
0.185174
0.331670
0.185174
0.185167
0.185166
0.329976
0.185174
0.332157
0.185174
0.370332
0.185174
0.370332
0.185174
0.331669
0.185174
0.185166
0.185166
0.185166
0.185166
0.332157
0.185174
0.329964
0.185174
0.329976
0.185174
0.331670
0.185174
0.185166
0.185166
0.329976
0.185174
0.332157
0.185174
0.370332
0.185174
0.370332
0.185174
0.331669
0.185174
0.332158
0.185174
0.186163
0.185166
0.186163
0.185166
0.370332
0.185174
0.299060
0.185166
0.186946
0.185166
0.185166
0.185166
0.370332
0.185174
0.329976
0.185174
0.329964
0.185174
0.370332
0.185174
0.370332
0.185174
0.332158
0.185174
0.185166
0.185174
0.185166
0.185166
0.332158
0.185174
0.185166
0.185166
0.185166
0.185166
0.185166
0.185166
0.332196
0.185174
0.370332
0.185174
0.332158
0.185174
0.185166
0.185166
0.332196
0.185174
0.370333
0.185174
0.331670
0.185174
0.185166
0.185166
0.332158
0.185174
0.185166
0.185166
0.185166
0.185166
0.185166
0.185166
0.332196
0.185174
0.329970
0.185174
0.332157
0.185174
0.185166
0.185166
0.185166
0.185166
0.332196
0.185174
0.370332
0.185174
0.185168
0.185166
0.185167
0.185166
0.370332
0.185174
0.186163
0.185166
0.185166
0.185166
0.185166
0.185166
0.000000
0.185158
0.370332
0.185174
0.185166
0.185166
0.185166
0.185166
0.185166
0.185166
0.185166
0.185166
0.185166
0.185166
0.185166
0.185166
0.185166
0.185166
0.185166
0.185166
0.185166
0.185166
0.185166
0.185166
0.185166
0.185166
0.186666
0.185166
0.186163
0.185166
0.330899
0.185174
0.185167
0.185166
0.185166
0.185166
0.185166
0.185166
0.185166
0.185166
0.185166
0.185166
0.330088
0.185174
0.185166
0.185166
0.185167
0.185166
0.185167
0.185166
0.330066
0.185174
0.185167
0.185166
0.186389
0.185166
0.185166
0.185166
0.185174
0.185166
0.185166
0.185166
0.185166
0.185166
0.185167
0.185166
0.185167
0.185166
0.185166
0.185166
0.551865
0.185166
0.292985
0.185166
0.551865
0.185166
0.239768
0.185166
0.551865
0.185166
0.239768
0.185166
0.185166
0.185166
0.185166
0.185166
0.185166
0.185166
0.186163
0.185166
0.370333
0.185174
0.185166
0.185166
0.192045
0.185166
0.185166
0.185166
0.185166
0.185166
0.370333
0.185174
0.185166
0.185166
0.185166
0.185166
0.330089
0.185174
0.185166
0.185166
0.370333
0.185174
0.370333
0.185174
0.192045
0.185166
0.185166
0.185166
0.186163
0.185166
0.370333
0.185174
0.185166
0.185166
0.185166
0.185166
0.330089
0.185174
0.185166
0.185166
0.185166
0.185166
0.185166
0.185166
0.185166
0.185166
0.192045
0.185166
0.192045
0.185166
0.185166
0.185166
0.186163
0.185166
0.370333
0.185174
0.330066
0.185174
0.185166
0.185166
0.370333
0.185174
0.186163
0.185166
0.186164
0.185166
0.601415
0.565607
0.370333
0.185174
0.370333
0.185174
0.185166
0.185166
0.185166
0.185166
0.192045
0.185166
0.573577
0.374299
0.601415
0.374300
0.601415
0.565607
0.648210
0.185173
0.416436
0.185166
0.551865
0.185166
0.416436
0.185166
0.551865
0.185166
0.416436
0.185166
0.185166
0.185166
0.185166
0.227554
0.367537
0.230759
0.197928
0.217787
0.221685
0.217787
0.185166
0.320680
0.390589
0.287878
1.000000
0.420284
0.352935
0.420284
0.185166
0.185207
0.185252
0.185209
0.185176
0.185200
0.185203
0.185200
