0.256034
0.235192
0.235192
0.235192
0.470385
0.235202
0.235192
0.235192
0.235192
0.235192
0.235192
0.235192
0.470385
0.235202
0.235192
0.235192
0.236463
0.235192
0.235192
0.235192
0.470385
0.235202
0.235192
0.235192
0.235192
0.235192
0.235192
0.235192
0.235192
0.235192
0.419254
0.235202
0.420298
0.235202
0.235192
0.235192
0.242394
0.235192
0.236463
0.235192
0.235192
0.235192
0.419256
0.235202
0.236463
0.235192
0.420298
0.235202
0.235192
0.235192
0.235192
0.235192
0.236463
0.235192
0.419255
0.235202
0.470385
0.235202
0.420298
0.235202
0.470385
0.235202
0.236463
0.235192
0.470385
0.235202
0.235192
0.235192
0.236463
0.235192
0.419201
0.235202
0.235192
0.235192
0.235192
0.235202
0.470385
0.235202
0.470385
0.235202
0.470385
0.235202
0.235192
0.235202
0.235192
0.235192
0.470385
0.235202
0.235192
0.235192
0.235192
0.235192
0.235192
0.235202
0.235192
0.235192
0.235192
0.235192
0.235192
0.235192
0.470385
0.235202
0.235192
0.235192
0.235192
0.235192
0.235192
0.235202
0.235192
0.235192
0.235192
0.235192
0.236463
0.235192
0.235192
0.235192
0.470385
0.235202
0.235192
0.235192
0.235192
0.235192
0.235192
0.235192
0.419237
0.235202
0.236463
0.235192
0.421944
0.235202
0.470385
0.235202
0.235192
0.235192
0.421275
0.235202
0.235192
0.235192
0.235192
0.235192
0.470385
0.235202
0.235192
0.235192
0.470385
0.235202
0.470385
0.235202
0.419237
0.235202
0.420298
0.235202
0.470385
0.235202
0.421276
0.235202
0.421945
0.235202
0.235192
0.235192
0.421945
0.235202
0.421264
0.235202
0.421265
0.235202
0.421277
0.235202
0.235192
0.235192
0.421265
0.235202
0.421945
0.235202
0.470385
0.235202
0.470385
0.235202
0.421276
0.235202
0.235233
0.235192
0.419128
0.235202
0.419110
0.235202
0.421276
0.235202
0.572582
0.235192
0.235193
0.235192
0.421896
0.235202
0.419110
0.235202
0.419126
0.235202
0.421277
0.235202
0.235193
0.235192
0.419126
0.235202
0.421896
0.235202
0.470385
0.235202
0.470385
0.235202
0.421276
0.235202
0.235192
0.235192
0.235193
0.235192
0.421896
0.235202
0.419110
0.235202
0.419126
0.235202
0.421277
0.235202
0.235193
0.235192
0.419126
0.235202
0.421896
0.235202
0.470385
0.235202
0.470385
0.235202
0.421276
0.235202
0.421896
0.235202
0.236459
0.235192
0.236458
0.235192
0.470385
0.235202
0.379856
0.235192
0.237453
0.235192
0.235192
0.235192
0.470385
0.235202
0.419126
0.235202
0.419110
0.235202
0.470385
0.235202
0.470385
0.235202
0.421896
0.235202
0.235192
0.235202
0.235192
0.235192
0.421896
0.235202
0.235192
0.235192
0.235192
0.235192
0.235192
0.235192
0.421945
0.235202
0.470385
0.235202
0.421896
0.235202
0.235192
0.235192
0.421945
0.235202
0.470385
0.235202
0.421277
0.235202
0.235192
0.235192
0.421896
0.235202
0.235192
0.235192
0.235192
0.235192
0.235192
0.235192
0.421945
0.235202
0.419118
0.235202
0.421896
0.235202
0.235193
0.235192
0.235192
0.235192
0.421945
0.235202
0.470385
0.235202
0.235195
0.235192
0.235194
0.235192
0.470385
0.235202
0.236459
0.235192
0.235192
0.235192
0.235192
0.235192
0.000000
0.235183
0.470385
0.235202
0.235192
0.235192
0.235193
0.235193
0.235192
0.235192
0.235192
0.235192
0.235193
0.235193
0.235192
0.235192
0.235192
0.235192
0.235193
0.235193
0.235192
0.235192
0.235192
0.235192
0.235192
0.235192
0.237097
0.235192
0.236459
0.235192
0.420297
0.235202
0.235194
0.235192
0.235192
0.235192
0.235192
0.235192
0.235192
0.235192
0.235192
0.235192
0.419268
0.235202
0.235192
0.235192
0.235194
0.235192
0.235194
0.235192
0.419240
0.235202
0.235193
0.235192
0.236746
0.235192
0.235192
0.235192
0.235202
0.235193
0.235193
0.235192
0.235192
0.235192
0.235193
0.235192
0.235194
0.235192
0.235192
0.235192
0.700962
0.235192
0.372140
0.235192
0.700962
0.235192
0.304546
0.235192
0.700962
0.235192
0.304546
0.235192
0.235192
0.235192
0.235192
0.235192
0.235192
0.235192
0.236459
0.235192
0.470385
0.235202
0.235192
0.235192
0.243850
0.235192
0.235192
0.235192
0.235192
0.235192
0.470385
0.235202
0.235192
0.235192
0.235192
0.235192
0.419268
0.235202
0.235192
0.235192
0.470385
0.235202
0.470385
0.235202
0.243850
0.235192
0.235192
0.235192
0.236459
0.235192
0.470385
0.235202
0.235192
0.235192
0.235192
0.235192
0.419268
0.235202
0.235192
0.235192
0.235192
0.235192
0.235192
0.235192
0.235192
0.235192
0.243850
0.235192
0.243850
0.235192
0.235192
0.235192
0.236459
0.235192
0.470385
0.235202
0.419240
0.235202
0.235192
0.235192
0.470385
0.235202
0.236459
0.235192
0.236460
0.235192
0.763899
0.718416
0.470385
0.235202
0.470385
0.235202
0.235192
0.235192
0.235192
0.235192
0.243850
0.235192
0.728540
0.475424
0.763899
0.475424
0.763899
0.718416
0.823337
0.235201
0.528944
0.235192
0.700962
0.235192
0.528944
0.235192
0.700962
0.235192
0.528944
0.235192
0.235192
0.235192
0.235192
0.420596
0.741564
0.361785
0.263736
0.350777
0.344321
0.350777
0.235192
0.251870
0.341137
0.288165
1.000000
0.290230
0.303878
0.290230
0.235192
0.235285
0.235343
0.235268
0.235208
0.235262
0.235260
0.235262
