0.313827
0.277995
0.277995
0.277995
0.555990
0.278007
0.277995
0.277995
0.277995
0.277995
0.277995
0.277995
0.555991
0.278007
0.277995
0.277995
0.279497
0.277995
0.277995
0.277995
0.555990
0.278007
0.277995
0.277995
0.277995
0.277995
0.277995
0.277995
0.277995
0.277995
0.495555
0.278007
0.496788
0.278007
0.277995
0.277995
0.286508
0.277995
0.279497
0.277995
0.277995
0.277995
0.495557
0.278007
0.279497
0.277995
0.496788
0.278007
0.277995
0.277995
0.277995
0.277995
0.279497
0.277995
0.495555
0.278007
0.555990
0.278007
0.496788
0.278007
0.555991
0.278007
0.279497
0.277995
0.555991
0.278007
0.277995
0.277995
0.279497
0.277995
0.495491
0.278007
0.277995
0.277995
0.277995
0.278007
0.555990
0.278007
0.555990
0.278007
0.555990
0.278007
0.277995
0.278007
0.277995
0.277995
0.555990
0.278007
0.277995
0.277995
0.277995
0.277995
0.277995
0.278007
0.277995
0.277995
0.277995
0.277995
0.277995
0.277995
0.555990
0.278007
0.277995
0.277995
0.277995
0.277995
0.277995
0.278007
0.277995
0.277995
0.277995
0.277995
0.279497
0.277995
0.277995
0.277995
0.555990
0.278007
0.277995
0.277995
0.277995
0.277995
0.277995
0.277995
0.495535
0.278007
0.279497
0.277995
0.498734
0.278007
0.555991
0.278007
0.277995
0.277995
0.497943
0.278007
0.277995
0.277995
0.277995
0.277995
0.555990
0.278007
0.277995
0.277995
0.555991
0.278007
0.555991
0.278007
0.495535
0.278007
0.496788
0.278007
0.555990
0.278007
0.497945
0.278007
0.498735
0.278007
0.277995
0.277995
0.498735
0.278007
0.497931
0.278007
0.497931
0.278007
0.497945
0.278007
0.277995
0.277995
0.497931
0.278007
0.498735
0.278007
0.555991
0.278007
0.555991
0.278007
0.497945
0.278007
0.278043
0.277995
0.495405
0.278007
0.495384
0.278007
0.497945
0.278007
0.676787
0.277995
0.277996
0.277995
0.498677
0.278007
0.495384
0.278007
0.495403
0.278007
0.497945
0.278007
0.277996
0.277995
0.495403
0.278007
0.498677
0.278007
0.555991
0.278007
0.555991
0.278007
0.497945
0.278007
0.277995
0.277995
0.277995
0.277995
0.498677
0.278007
0.495384
0.278007
0.495403
0.278007
0.497945
0.278007
0.277995
0.277995
0.495403
0.278007
0.498677
0.278007
0.555991
0.278007
0.555991
0.278007
0.497945
0.278007
0.498678
0.278007
0.279492
0.277995
0.279492
0.277995
0.555991
0.278007
0.448987
0.277995
0.280667
0.277995
0.277995
0.277995
0.555991
0.278007
0.495403
0.278007
0.495384
0.278007
0.555991
0.278007
0.555991
0.278007
0.498678
0.278007
0.277995
0.278007
0.277995
0.277995
0.498678
0.278007
0.277995
0.277995
0.277995
0.277995
0.277995
0.277995
0.498736
0.278007
0.555991
0.278007
0.498678
0.278007
0.277995
0.277995
0.498735
0.278007
0.555991
0.278007
0.497946
0.278007
0.277995
0.277995
0.498678
0.278007
0.277995
0.277995
0.277995
0.277995
0.277995
0.277995
0.498735
0.278007
0.495394
0.278007
0.498677
0.278007
0.277996
0.277995
0.277995
0.277995
0.498736
0.278007
0.555991
0.278007
0.277998
0.277995
0.277997
0.277995
0.555991
0.278007
0.279492
0.277995
0.277995
0.277995
0.277995
0.277995
0.000000
0.277984
0.555991
0.278007
0.277995
0.277995
0.277995
0.277995
0.277995
0.277995
0.277995
0.277995
0.277995
0.277995
0.277995
0.277995
0.277995
0.277995
0.277995
0.277995
0.277995
0.277995
0.277995
0.277995
0.277995
0.277995
0.280247
0.277995
0.279492
0.277995
0.496787
0.278007
0.277997
0.277995
0.277995
0.277995
0.277995
0.277995
0.277995
0.277995
0.277995
0.277995
0.495571
0.278007
0.277995
0.277995
0.277997
0.277995
0.277997
0.277995
0.495538
0.278007
0.277996
0.277995
0.279832
0.277995
0.277995
0.277995
0.278007
0.277996
0.277996
0.277995
0.277995
0.277995
0.277996
0.277995
0.277997
0.277995
0.277995
0.277995
0.828530
0.277995
0.439867
0.277995
0.828530
0.277995
0.359970
0.277995
0.828530
0.277995
0.359970
0.277995
0.277995
0.277995
0.277995
0.277995
0.277995
0.277995
0.279492
0.277995
0.555991
0.278007
0.277995
0.277995
0.288338
0.277995
0.277995
0.277995
0.277995
0.277995
0.555991
0.278007
0.277995
0.277995
0.277995
0.277995
0.495571
0.278007
0.277995
0.277995
0.555991
0.278007
0.555991
0.278007
0.288338
0.277995
0.277995
0.277995
0.279492
0.277995
0.555991
0.278007
0.277995
0.277995
0.277995
0.277995
0.495571
0.278007
0.277995
0.277995
0.277995
0.277995
0.277995
0.277995
0.277995
0.277995
0.288338
0.277995
0.288338
0.277995
0.277995
0.277995
0.279492
0.277995
0.555991
0.278007
0.495538
0.278007
0.277995
0.277995
0.555991
0.278007
0.279492
0.277995
0.279493
0.277995
0.902921
0.849161
0.555991
0.278007
0.555991
0.278007
0.277995
0.277995
0.277995
0.277995
0.288338
0.277995
0.861128
0.561947
0.902921
0.561947
0.902921
0.849161
0.973176
0.278006
0.625207
0.277995
0.828530
0.277995
0.625207
0.277995
0.828530
0.277995
0.625207
0.277995
0.277995
0.277995
0.277995
0.433182
0.877681
0.427917
0.341702
0.385516
0.402484
0.385516
0.277995
0.331146
0.404074
0.341035
1.000000
0.394972
0.360380
0.394972
0.277995
0.278084
0.278170
0.278083
0.278019
0.278065
0.278072
0.278065
