0.288986
0.255383
0.255383
0.255383
0.510766
0.255394
0.255383
0.255383
0.255383
0.255383
0.255383
0.255383
0.510766
0.255394
0.255383
0.255383
0.256763
0.255383
0.255383
0.255383
0.510766
0.255394
0.255383
0.255383
0.255383
0.255383
0.255383
0.255383
0.255383
0.255383
0.455246
0.255394
0.456379
0.255394
0.255383
0.255383
0.263203
0.255383
0.256763
0.255383
0.255383
0.255383
0.455248
0.255394
0.256763
0.255383
0.456379
0.255394
0.255383
0.255383
0.255383
0.255383
0.256763
0.255383
0.455246
0.255394
0.510766
0.255394
0.456379
0.255394
0.510766
0.255394
0.256763
0.255383
0.510766
0.255394
0.255383
0.255383
0.256763
0.255383
0.455188
0.255394
0.255383
0.255383
0.255383
0.255394
0.510766
0.255394
0.510766
0.255394
0.510766
0.255394
0.255383
0.255394
0.255383
0.255383
0.510766
0.255394
0.255383
0.255383
0.255383
0.255383
0.255383
0.255394
0.255383
0.255383
0.255383
0.255383
0.255383
0.255383
0.510766
0.255394
0.255383
0.255383
0.255383
0.255383
0.255383
0.255394
0.255383
0.255383
0.255383
0.255383
0.256763
0.255383
0.255383
0.255383
0.510766
0.255394
0.255383
0.255383
0.255383
0.255383
0.255383
0.255383
0.455228
0.255394
0.256763
0.255383
0.458166
0.255394
0.510766
0.255394
0.255383
0.255383
0.457440
0.255394
0.255383
0.255383
0.255383
0.255383
0.510766
0.255394
0.255383
0.255383
0.510766
0.255394
0.510766
0.255394
0.455228
0.255394
0.456379
0.255394
0.510766
0.255394
0.457441
0.255394
0.458168
0.255394
0.255383
0.255383
0.458167
0.255394
0.457428
0.255394
0.457429
0.255394
0.457442
0.255394
0.255383
0.255383
0.457429
0.255394
0.458167
0.255394
0.510766
0.255394
0.510766
0.255394
0.457442
0.255394
0.255427
0.255383
0.455108
0.255394
0.455089
0.255394
0.457441
0.255394
0.621736
0.255383
0.255383
0.255383
0.458114
0.255394
0.455089
0.255394
0.455106
0.255394
0.457442
0.255394
0.255383
0.255383
0.455106
0.255394
0.458114
0.255394
0.510766
0.255394
0.510766
0.255394
0.457441
0.255394
0.255383
0.255383
0.255383
0.255383
0.458114
0.255394
0.455089
0.255394
0.455106
0.255394
0.457442
0.255394
0.255383
0.255383
0.455106
0.255394
0.458114
0.255394
0.510766
0.255394
0.510766
0.255394
0.457442
0.255394
0.458115
0.255394
0.256758
0.255383
0.256757
0.255383
0.510766
0.255394
0.412466
0.255383
0.257837
0.255383
0.255383
0.255383
0.510766
0.255394
0.455106
0.255394
0.455089
0.255394
0.510766
0.255394
0.510766
0.255394
0.458115
0.255394
0.255383
0.255394
0.255383
0.255383
0.458115
0.255394
0.255383
0.255383
0.255383
0.255383
0.255383
0.255383
0.458168
0.255394
0.510766
0.255394
0.458115
0.255394
0.255383
0.255383
0.458168
0.255394
0.510766
0.255394
0.457442
0.255394
0.255383
0.255383
0.458115
0.255394
0.255383
0.255383
0.255383
0.255383
0.255383
0.255383
0.458168
0.255394
0.455098
0.255394
0.458114
0.255394
0.255383
0.255383
0.255383
0.255383
0.458168
0.255394
0.510766
0.255394
0.255386
0.255383
0.255384
0.255383
0.510766
0.255394
0.256758
0.255383
0.255383
0.255383
0.255383
0.255383
0.000000
0.255372
0.510766
0.255394
0.255383
0.255383
0.255383
0.255383
0.255383
0.255383
0.255383
0.255383
0.255383
0.255383
0.255383
0.255383
0.255383
0.255383
0.255383
0.255383
0.255383
0.255383
0.255383
0.255383
0.255383
0.255383
0.257451
0.255383
0.256758
0.255383
0.456378
0.255394
0.255384
0.255383
0.255383
0.255383
0.255383
0.255383
0.255383
0.255383
0.255383
0.255383
0.455261
0.255394
0.255383
0.255383
0.255384
0.255383
0.255384
0.255383
0.455230
0.255394
0.255384
0.255383
0.257070
0.255383
0.255383
0.255383
0.255394
0.255383
0.255383
0.255383
0.255383
0.255383
0.255383
0.255383
0.255384
0.255383
0.255383
0.255383
0.761137
0.255383
0.404087
0.255383
0.761137
0.255383
0.330690
0.255383
0.761137
0.255383
0.330690
0.255383
0.255383
0.255383
0.255383
0.255383
0.255383
0.255383
0.256758
0.255383
0.510766
0.255394
0.255383
0.255383
0.264891
0.255383
0.255383
0.255383
0.255383
0.255383
0.510766
0.255394
0.255383
0.255383
0.255383
0.255383
0.455261
0.255394
0.255383
0.255383
0.510766
0.255394
0.510766
0.255394
0.264891
0.255383
0.255383
0.255383
0.256758
0.255383
0.510766
0.255394
0.255383
0.255383
0.255383
0.255383
0.455261
0.255394
0.255383
0.255383
0.255383
0.255383
0.255383
0.255383
0.255383
0.255383
0.264891
0.255383
0.264891
0.255383
0.255383
0.255383
0.256758
0.255383
0.510766
0.255394
0.455230
0.255394
0.255383
0.255383
0.510766
0.255394
0.256758
0.255383
0.256759
0.255383
0.829477
0.780090
0.510766
0.255394
0.510766
0.255394
0.255383
0.255383
0.255383
0.255383
0.264891
0.255383
0.791083
0.516237
0.829477
0.516238
0.829477
0.780090
0.894018
0.255393
0.574352
0.255383
0.761137
0.255383
0.574352
0.255383
0.761137
0.255383
0.574352
0.255383
0.255383
0.255383
0.255383
0.447390
1.000000
0.441537
0.296279
0.395653
0.411684
0.395653
0.255383
0.307067
0.364735
0.310059
0.834348
0.356679
0.334843
0.356679
0.255383
0.255469
0.255550
0.255467
0.255399
0.255452
0.255458
0.255452
