0.265105
0.237377
0.237377
0.237377
0.474754
0.237387
0.237377
0.237377
0.237377
0.237377
0.237377
0.237377
0.474755
0.237387
0.237377
0.237377
0.238660
0.237377
0.237377
0.237377
0.474754
0.237387
0.237377
0.237377
0.237377
0.237377
0.237377
0.237377
0.237377
0.237377
0.423149
0.237387
0.424203
0.237387
0.237377
0.237377
0.244646
0.237377
0.238660
0.237377
0.237377
0.237377
0.423151
0.237387
0.238660
0.237377
0.424203
0.237387
0.237377
0.237377
0.237377
0.237377
0.238660
0.237377
0.423150
0.237387
0.474754
0.237387
0.424203
0.237387
0.474755
0.237387
0.238660
0.237377
0.474755
0.237387
0.237377
0.237377
0.238660
0.237377
0.423095
0.237387
0.237377
0.237377
0.237377
0.237387
0.474754
0.237387
0.474755
0.237387
0.474754
0.237387
0.237377
0.237387
0.237377
0.237377
0.474755
0.237387
0.237377
0.237377
0.237377
0.237377
0.237377
0.237387
0.237377
0.237377
0.237377
0.237377
0.237377
0.237377
0.474755
0.237387
0.237377
0.237377
0.237377
0.237377
0.237377
0.237387
0.237377
0.237377
0.237377
0.237377
0.238660
0.237377
0.237377
0.237377
0.474755
0.237387
0.237377
0.237377
0.237377
0.237377
0.237377
0.237377
0.423132
0.237387
0.238660
0.237377
0.425864
0.237387
0.474755
0.237387
0.237377
0.237377
0.425188
0.237387
0.237377
0.237377
0.237377
0.237377
0.474755
0.237387
0.237377
0.237377
0.474755
0.237387
0.474755
0.237387
0.423132
0.237387
0.424203
0.237387
0.474755
0.237387
0.425190
0.237387
0.425865
0.237387
0.237377
0.237377
0.425864
0.237387
0.425178
0.237387
0.425178
0.237387
0.425190
0.237387
0.237377
0.237377
0.425178
0.237387
0.425864
0.237387
0.474755
0.237387
0.474755
0.237387
0.425190
0.237387
0.237418
0.237377
0.423021
0.237387
0.423003
0.237387
0.425190
0.237387
0.577901
0.237377
0.237378
0.237377
0.425815
0.237387
0.423003
0.237387
0.423020
0.237387
0.425190
0.237387
0.237378
0.237377
0.423020
0.237387
0.425815
0.237387
0.474755
0.237387
0.474755
0.237387
0.425190
0.237387
0.237377
0.237377
0.237377
0.237377
0.425815
0.237387
0.423003
0.237387
0.423020
0.237387
0.425190
0.237387
0.237377
0.237377
0.423020
0.237387
0.425815
0.237387
0.474755
0.237387
0.474755
0.237387
0.425190
0.237387
0.425816
0.237387
0.238655
0.237377
0.238655
0.237377
0.474755
0.237387
0.383385
0.237377
0.239659
0.237377
0.237377
0.237377
0.474755
0.237387
0.423020
0.237387
0.423003
0.237387
0.474755
0.237387
0.474755
0.237387
0.425816
0.237387
0.237377
0.237387
0.237377
0.237377
0.425816
0.237387
0.237377
0.237377
0.237377
0.237377
0.237377
0.237377
0.425865
0.237387
0.474755
0.237387
0.425816
0.237387
0.237377
0.237377
0.425865
0.237387
0.474755
0.237387
0.425191
0.237387
0.237377
0.237377
0.425816
0.237387
0.237377
0.237377
0.237377
0.237377
0.237377
0.237377
0.425865
0.237387
0.423011
0.237387
0.425815
0.237387
0.237378
0.237377
0.237377
0.237377
0.425865
0.237387
0.474755
0.237387
0.237380
0.237377
0.237379
0.237377
0.474755
0.237387
0.238655
0.237377
0.237377
0.237377
0.237377
0.237377
0.000000
0.237367
0.474755
0.237387
0.237377
0.237377
0.237377
0.237377
0.237377
0.237377
0.237377
0.237377
0.237377
0.237377
0.237377
0.237377
0.237377
0.237377
0.237377
0.237377
0.237377
0.237377
0.237377
0.237377
0.237377
0.237377
0.239300
0.237377
0.238656
0.237377
0.424202
0.237387
0.237379
0.237377
0.237377
0.237377
0.237377
0.237377
0.237377
0.237377
0.237377
0.237377
0.423163
0.237387
0.237377
0.237377
0.237379
0.237377
0.237379
0.237377
0.423134
0.237387
0.237378
0.237377
0.238946
0.237377
0.237377
0.237377
0.237387
0.237378
0.237378
0.237377
0.237377
0.237377
0.237378
0.237377
0.237379
0.237377
0.237377
0.237377
0.707474
0.237377
0.375598
0.237377
0.707474
0.237377
0.307375
0.237377
0.707474
0.237377
0.307375
0.237377
0.237377
0.237377
0.237377
0.237377
0.237377
0.237377
0.238656
0.237377
0.474755
0.237387
0.237377
0.237377
0.246183
0.237377
0.237377
0.237377
0.237377
0.237377
0.474755
0.237387
0.237377
0.237377
0.237377
0.237377
0.423163
0.237387
0.237377
0.237377
0.474755
0.237387
0.474755
0.237387
0.246183
0.237377
0.237377
0.237377
0.238656
0.237377
0.474755
0.237387
0.237377
0.237377
0.237377
0.237377
0.423163
0.237387
0.237377
0.237377
0.237377
0.237377
0.237377
0.237377
0.237377
0.237377
0.246183
0.237377
0.246183
0.237377
0.237377
0.237377
0.238656
0.237377
0.474755
0.237387
0.423135
0.237387
0.237377
0.237377
0.474755
0.237387
0.238656
0.237377
0.238656
0.237377
0.770995
0.725090
0.474755
0.237387
0.474755
0.237387
0.237377
0.237377
0.237377
0.237377
0.246183
0.237377
0.735308
0.479840
0.770995
0.479841
0.770995
0.725090
0.830985
0.237386
0.533858
0.237377
0.707474
0.237377
0.533858
0.237377
0.707473
0.237377
0.533858
0.237377
0.237377
0.237377
0.237377
0.310340
0.567004
0.319784
0.253131
0.294238
0.301540
0.294238
0.237377
0.375538
0.428583
0.332980
1.000000
0.466086
0.405557
0.466086
0.237377
0.237435
0.237501
0.237439
0.237389
0.237425
0.237430
0.237425
