0.197465
0.180058
0.180058
0.180058
0.360116
0.180066
0.180058
0.180058
0.180058
0.180058
0.180058
0.180058
0.360117
0.180066
0.180058
0.180058
0.181031
0.180058
0.180058
0.180058
0.360116
0.180066
0.180058
0.180058
0.180058
0.180058
0.180058
0.180058
0.180058
0.180058
0.320972
0.180066
0.321771
0.180066
0.180058
0.180058
0.185572
0.180058
0.181031
0.180058
0.180058
0.180058
0.320973
0.180066
0.181031
0.180058
0.321771
0.180066
0.180058
0.180058
0.180058
0.180058
0.181031
0.180058
0.320972
0.180066
0.360116
0.180066
0.321771
0.180066
0.360117
0.180066
0.181031
0.180058
0.360117
0.180066
0.180058
0.180058
0.181031
0.180058
0.320931
0.180066
0.180058
0.180058
0.180058
0.180066
0.360116
0.180066
0.360116
0.180066
0.360116
0.180066
0.180058
0.180066
0.180058
0.180058
0.360116
0.180066
0.180058
0.180058
0.180058
0.180058
0.180058
0.180066
0.180058
0.180058
0.180058
0.180058
0.180058
0.180058
0.360116
0.180066
0.180058
0.180058
0.180058
0.180058
0.180058
0.180066
0.180058
0.180058
0.180058
0.180058
0.181031
0.180058
0.180058
0.180058
0.360116
0.180066
0.180058
0.180058
0.180058
0.180058
0.180058
0.180058
0.320959
0.180066
0.181031
0.180058
0.323031
0.180066
0.360116
0.180066
0.180058
0.180058
0.322519
0.180066
0.180058
0.180058
0.180058
0.180058
0.360116
0.180066
0.180058
0.180058
0.360117
0.180066
0.360117
0.180066
0.320959
0.180066
0.321771
0.180066
0.360116
0.180066
0.322520
0.180066
0.323032
0.180066
0.180058
0.180058
0.323032
0.180066
0.322511
0.180066
0.322511
0.180066
0.322521
0.180066
0.180058
0.180058
0.322511
0.180066
0.323032
0.180066
0.360116
0.180066
0.360116
0.180066
0.322520
0.180066
0.180089
0.180058
0.320875
0.180066
0.320861
0.180066
0.322520
0.180066
0.438357
0.180058
0.180059
0.180058
0.322994
0.180066
0.320861
0.180066
0.320874
0.180066
0.322521
0.180066
0.180059
0.180058
0.320874
0.180066
0.322994
0.180066
0.360117
0.180066
0.360117
0.180066
0.322520
0.180066
0.180058
0.180058
0.180058
0.180058
0.322994
0.180066
0.320861
0.180066
0.320874
0.180066
0.322521
0.180066
0.180058
0.180058
0.320874
0.180066
0.322994
0.180066
0.360117
0.180066
0.360117
0.180066
0.322520
0.180066
0.322995
0.180066
0.181028
0.180058
0.181027
0.180058
0.360117
0.180066
0.290810
0.180058
0.181789
0.180058
0.180058
0.180058
0.360117
0.180066
0.320874
0.180066
0.320861
0.180066
0.360117
0.180066
0.360117
0.180066
0.322995
0.180066
0.180058
0.180066
0.180058
0.180058
0.322995
0.180066
0.180058
0.180058
0.180058
0.180058
0.180058
0.180058
0.323032
0.180066
0.360117
0.180066
0.322995
0.180066
0.180058
0.180058
0.323032
0.180066
0.360117
0.180066
0.322521
0.180066
0.180058
0.180058
0.322995
0.180066
0.180058
0.180058
0.180058
0.180058
0.180058
0.180058
0.323032
0.180066
0.320868
0.180066
0.322994
0.180066
0.180059
0.180058
0.180058
0.180058
0.323032
0.180066
0.360117
0.180066
0.180060
0.180058
0.180059
0.180058
0.360117
0.180066
0.181028
0.180058
0.180058
0.180058
0.180058
0.180058
0.000000
0.180051
0.360117
0.180066
0.180058
0.180058
0.180058
0.180058
0.180058
0.180058
0.180058
0.180058
0.180058
0.180058
0.180058
0.180058
0.180058
0.180058
0.180058
0.180058
0.180058
0.180058
0.180058
0.180058
0.180058
0.180058
0.181516
0.180058
0.181028
0.180058
0.321770
0.180066
0.180059
0.180058
0.180058
0.180058
0.180058
0.180058
0.180058
0.180058
0.180058
0.180058
0.320983
0.180066
0.180058
0.180058
0.180059
0.180058
0.180059
0.180058
0.320961
0.180066
0.180059
0.180058
0.181248
0.180058
0.180058
0.180058
0.180066
0.180059
0.180059
0.180058
0.180058
0.180058
0.180059
0.180058
0.180059
0.180058
0.180058
0.180058
0.536641
0.180058
0.284903
0.180058
0.536641
0.180058
0.233154
0.180058
0.536641
0.180058
0.233154
0.180058
0.180058
0.180058
0.180058
0.180058
0.180058
0.180058
0.181028
0.180058
0.360117
0.180066
0.180058
0.180058
0.186563
0.180058
0.180058
0.180058
0.180058
0.180058
0.360117
0.180066
0.180058
0.180058
0.180058
0.180058
0.320983
0.180066
0.180058
0.180058
0.360117
0.180066
0.360117
0.180066
0.186563
0.180058
0.180058
0.180058
0.181028
0.180058
0.360117
0.180066
0.180058
0.180058
0.180058
0.180058
0.320983
0.180066
0.180058
0.180058
0.180058
0.180058
0.180058
0.180058
0.180058
0.180058
0.186563
0.180058
0.186563
0.180058
0.180058
0.180058
0.181028
0.180058
0.360117
0.180066
0.320961
0.180066
0.180058
0.180058
0.360117
0.180066
0.181028
0.180058
0.181028
0.180058
0.584824
0.550004
0.360117
0.180066
0.360117
0.180066
0.180058
0.180058
0.180058
0.180058
0.186563
0.180058
0.557754
0.363974
0.584824
0.363975
0.584824
0.550004
0.630329
0.180065
0.404948
0.180058
0.536641
0.180058
0.404948
0.180058
0.536641
0.180058
0.404948
0.180058
0.180058
0.180058
0.180058
0.218790
0.319558
0.214933
0.186750
0.208040
0.208707
0.208040
0.180058
0.265885
0.416094
0.298076
1.000000
0.357331
0.350918
0.357331
0.180058
0.180104
0.180142
0.180100
0.180067
0.180094
0.180095
0.180094
