0.298311
0.270032
0.270032
0.270032
0.540064
0.270043
0.270032
0.270032
0.270032
0.270032
0.270032
0.270032
0.540064
0.270043
0.270032
0.270032
0.271491
0.270032
0.270032
0.270032
0.540064
0.270043
0.270032
0.270032
0.270032
0.270032
0.270032
0.270032
0.270032
0.270032
0.481359
0.270043
0.482558
0.270043
0.270032
0.270032
0.278301
0.270032
0.271491
0.270032
0.270032
0.270032
0.481361
0.270043
0.271491
0.270032
0.482558
0.270043
0.270032
0.270032
0.270032
0.270032
0.271491
0.270032
0.481360
0.270043
0.540064
0.270043
0.482558
0.270043
0.540064
0.270043
0.271491
0.270032
0.540064
0.270043
0.270032
0.270032
0.271491
0.270032
0.481298
0.270043
0.270032
0.270032
0.270032
0.270043
0.540064
0.270043
0.540064
0.270043
0.540064
0.270043
0.270032
0.270043
0.270032
0.270032
0.540064
0.270043
0.270032
0.270032
0.270032
0.270032
0.270032
0.270043
0.270032
0.270032
0.270032
0.270032
0.270032
0.270032
0.540064
0.270043
0.270032
0.270032
0.270032
0.270032
0.270032
0.270043
0.270032
0.270032
0.270032
0.270032
0.271491
0.270032
0.270032
0.270032
0.540064
0.270043
0.270032
0.270032
0.270032
0.270032
0.270032
0.270032
0.481340
0.270043
0.271491
0.270032
0.484447
0.270043
0.540064
0.270043
0.270032
0.270032
0.483679
0.270043
0.270032
0.270032
0.270032
0.270032
0.540064
0.270043
0.270032
0.270032
0.540064
0.270043
0.540064
0.270043
0.481340
0.270043
0.482558
0.270043
0.540064
0.270043
0.483681
0.270043
0.484449
0.270043
0.270032
0.270032
0.484448
0.270043
0.483667
0.270043
0.483668
0.270043
0.483682
0.270043
0.270032
0.270032
0.483668
0.270043
0.484448
0.270043
0.540064
0.270043
0.540064
0.270043
0.483681
0.270043
0.270078
0.270032
0.481214
0.270043
0.481193
0.270043
0.483681
0.270043
0.657400
0.270032
0.270033
0.270032
0.484392
0.270043
0.481193
0.270043
0.481212
0.270043
0.483682
0.270043
0.270033
0.270032
0.481212
0.270043
0.484392
0.270043
0.540064
0.270043
0.540064
0.270043
0.483681
0.270043
0.270032
0.270032
0.270032
0.270032
0.484392
0.270043
0.481193
0.270043
0.481212
0.270043
0.483682
0.270043
0.270032
0.270032
0.481212
0.270043
0.484392
0.270043
0.540064
0.270043
0.540064
0.270043
0.483681
0.270043
0.484393
0.270043
0.271486
0.270032
0.271485
0.270032
0.540064
0.270043
0.436125
0.270032
0.272627
0.270032
0.270032
0.270032
0.540064
0.270043
0.481212
0.270043
0.481193
0.270043
0.540064
0.270043
0.540064
0.270043
0.484393
0.270043
0.270032
0.270043
0.270032
0.270032
0.484393
0.270043
0.270032
0.270032
0.270032
0.270032
0.270032
0.270032
0.484449
0.270043
0.540064
0.270043
0.484393
0.270043
0.270032
0.270032
0.484449
0.270043
0.540064
0.270043
0.483682
0.270043
0.270032
0.270032
0.484393
0.270043
0.270032
0.270032
0.270032
0.270032
0.270032
0.270032
0.484449
0.270043
0.481203
0.270043
0.484392
0.270043
0.270032
0.270032
0.270032
0.270032
0.484449
0.270043
0.540064
0.270043
0.270035
0.270032
0.270034
0.270032
0.540064
0.270043
0.271486
0.270032
0.270032
0.270032
0.270032
0.270032
0.000000
0.270021
0.540064
0.270043
0.270032
0.270032
0.270032
0.270032
0.270032
0.270032
0.270032
0.270032
0.270032
0.270032
0.270032
0.270032
0.270032
0.270032
0.270032
0.270032
0.270032
0.270032
0.270032
0.270032
0.270032
0.270032
0.272219
0.270032
0.271486
0.270032
0.482557
0.270043
0.270034
0.270032
0.270032
0.270032
0.270032
0.270032
0.270032
0.270032
0.270032
0.270032
0.481375
0.270043
0.270032
0.270032
0.270034
0.270032
0.270034
0.270032
0.481343
0.270043
0.270033
0.270032
0.271816
0.270032
0.270032
0.270032
0.270044
0.270032
0.270032
0.270032
0.270032
0.270032
0.270033
0.270032
0.270034
0.270032
0.270032
0.270032
0.804797
0.270032
0.427267
0.270032
0.804797
0.270032
0.349659
0.270032
0.804797
0.270032
0.349659
0.270032
0.270032
0.270032
0.270032
0.270032
0.270032
0.270032
0.271486
0.270032
0.540065
0.270043
0.270032
0.270032
0.280014
0.270032
0.270032
0.270032
0.270032
0.270032
0.540065
0.270043
0.270032
0.270032
0.270032
0.270032
0.481376
0.270043
0.270032
0.270032
0.540064
0.270043
0.540065
0.270043
0.280014
0.270032
0.270032
0.270032
0.271486
0.270032
0.540065
0.270043
0.270032
0.270032
0.270032
0.270032
0.481376
0.270043
0.270032
0.270032
0.270032
0.270032
0.270032
0.270032
0.270032
0.270032
0.280014
0.270032
0.280014
0.270032
0.270032
0.270032
0.271486
0.270032
0.540065
0.270043
0.481343
0.270043
0.270032
0.270032
0.540065
0.270043
0.271486
0.270032
0.271487
0.270032
0.877057
0.824837
0.540065
0.270043
0.540065
0.270043
0.270032
0.270032
0.270032
0.270032
0.280014
0.270032
0.836460
0.545849
0.877057
0.545850
0.877057
0.824837
0.945300
0.270042
0.607298
0.270032
0.804797
0.270032
0.607298
0.270032
0.804797
0.270032
0.607298
0.270032
0.270032
0.270032
0.270032
0.353923
0.585382
0.348870
0.281983
0.333247
0.334293
0.333247
0.270032
0.407476
0.594664
0.432348
1.000000
0.528757
0.515120
0.528757
0.270032
0.270101
0.270164
0.270098
0.270043
0.270089
0.270089
0.270089
