0.223173
0.206792
0.206792
0.206792
0.413584
0.206801
0.206792
0.206792
0.206792
0.206792
0.206792
0.206792
0.413584
0.206801
0.206792
0.206792
0.207909
0.206792
0.206792
0.206792
0.413584
0.206801
0.206792
0.206792
0.206792
0.206792
0.206792
0.206792
0.206792
0.206792
0.368628
0.206801
0.369545
0.206801
0.206792
0.206792
0.213124
0.206792
0.207909
0.206792
0.206792
0.206792
0.368629
0.206801
0.207909
0.206792
0.369545
0.206801
0.206792
0.206792
0.206792
0.206792
0.207909
0.206792
0.368628
0.206801
0.413584
0.206801
0.369545
0.206801
0.413584
0.206801
0.207909
0.206792
0.413584
0.206801
0.206792
0.206792
0.207909
0.206792
0.368581
0.206801
0.206792
0.206792
0.206792
0.206801
0.413584
0.206801
0.413584
0.206801
0.413584
0.206801
0.206792
0.206801
0.206792
0.206792
0.413584
0.206801
0.206792
0.206792
0.206792
0.206792
0.206792
0.206801
0.206792
0.206792
0.206792
0.206792
0.206792
0.206792
0.413584
0.206801
0.206792
0.206792
0.206792
0.206792
0.206792
0.206801
0.206792
0.206792
0.206792
0.206792
0.207909
0.206792
0.206792
0.206792
0.413584
0.206801
0.206792
0.206792
0.206792
0.206792
0.206792
0.206792
0.368613
0.206801
0.207909
0.206792
0.370992
0.206801
0.413584
0.206801
0.206792
0.206792
0.370404
0.206801
0.206792
0.206792
0.206792
0.206792
0.413584
0.206801
0.206792
0.206792
0.413584
0.206801
0.413584
0.206801
0.368613
0.206801
0.369545
0.206801
0.413584
0.206801
0.370405
0.206801
0.370994
0.206801
0.206792
0.206792
0.370993
0.206801
0.370395
0.206801
0.370395
0.206801
0.370406
0.206801
0.206792
0.206792
0.370395
0.206801
0.370993
0.206801
0.413584
0.206801
0.413584
0.206801
0.370406
0.206801
0.206827
0.206792
0.368516
0.206801
0.368501
0.206801
0.370405
0.206801
0.503441
0.206792
0.206792
0.206792
0.370950
0.206801
0.368501
0.206801
0.368515
0.206801
0.370406
0.206801
0.206792
0.206792
0.368515
0.206801
0.370950
0.206801
0.413584
0.206801
0.413584
0.206801
0.370405
0.206801
0.206792
0.206792
0.206792
0.206792
0.370950
0.206801
0.368501
0.206801
0.368515
0.206801
0.370406
0.206801
0.206792
0.206792
0.368515
0.206801
0.370950
0.206801
0.413584
0.206801
0.413584
0.206801
0.370406
0.206801
0.370951
0.206801
0.207905
0.206792
0.207905
0.206792
0.413584
0.206801
0.333987
0.206792
0.208779
0.206792
0.206792
0.206792
0.413584
0.206801
0.368515
0.206801
0.368501
0.206801
0.413584
0.206801
0.413584
0.206801
0.370951
0.206801
0.206792
0.206801
0.206792
0.206792
0.370951
0.206801
0.206792
0.206792
0.206792
0.206792
0.206792
0.206792
0.370994
0.206801
0.413584
0.206801
0.370951
0.206801
0.206792
0.206792
0.370994
0.206801
0.413584
0.206801
0.370406
0.206801
0.206792
0.206792
0.370951
0.206801
0.206792
0.206792
0.206792
0.206792
0.206792
0.206792
0.370994
0.206801
0.368508
0.206801
0.370950
0.206801
0.206792
0.206792
0.206792
0.206792
0.370994
0.206801
0.413584
0.206801
0.206794
0.206792
0.206793
0.206792
0.413584
0.206801
0.207905
0.206792
0.206792
0.206792
0.206792
0.206792
0.000000
0.206783
0.413584
0.206801
0.206792
0.206792
0.206792
0.206792
0.206792
0.206792
0.206792
0.206792
0.206792
0.206792
0.206792
0.206792
0.206792
0.206792
0.206792
0.206792
0.206792
0.206792
0.206792
0.206792
0.206792
0.206792
0.208467
0.206792
0.207906
0.206792
0.369545
0.206801
0.206793
0.206792
0.206792
0.206792
0.206792
0.206792
0.206792
0.206792
0.206792
0.206792
0.368640
0.206801
0.206792
0.206792
0.206793
0.206792
0.206793
0.206792
0.368615
0.206801
0.206793
0.206792
0.208158
0.206792
0.206792
0.206792
0.206801
0.206792
0.206792
0.206792
0.206792
0.206792
0.206792
0.206792
0.206793
0.206792
0.206792
0.206792
0.616318
0.206792
0.327203
0.206792
0.616318
0.206792
0.267771
0.206792
0.616318
0.206792
0.267771
0.206792
0.206792
0.206792
0.206792
0.206792
0.206792
0.206792
0.207906
0.206792
0.413585
0.206801
0.206792
0.206792
0.214316
0.206792
0.206792
0.206792
0.206792
0.206792
0.413585
0.206801
0.206792
0.206792
0.206792
0.206792
0.368640
0.206801
0.206792
0.206792
0.413584
0.206801
0.413584
0.206801
0.214316
0.206792
0.206792
0.206792
0.207906
0.206792
0.413585
0.206801
0.206792
0.206792
0.206792
0.206792
0.368640
0.206801
0.206792
0.206792
0.206792
0.206792
0.206792
0.206792
0.206792
0.206792
0.214316
0.206792
0.214316
0.206792
0.206792
0.206792
0.207906
0.206792
0.413585
0.206801
0.368615
0.206801
0.206792
0.206792
0.413584
0.206801
0.207906
0.206792
0.207906
0.206792
0.671655
0.631665
0.413584
0.206801
0.413584
0.206801
0.206792
0.206792
0.206792
0.206792
0.214316
0.206792
0.640566
0.418014
0.671655
0.418015
0.671655
0.631665
0.723916
0.206800
0.465072
0.206792
0.616318
0.206792
0.465072
0.206792
0.616318
0.206792
0.465072
0.206792
0.206792
0.206792
0.206792
0.329357
0.563113
0.295872
0.227549
0.279023
0.292083
0.279023
0.206792
0.220892
0.282479
0.244635
1.000000
0.263475
0.238638
0.263475
0.206792
0.206874
0.206929
0.206861
0.206807
0.206852
0.206858
0.206852
