0.227110
0.206585
0.206585
0.206585
0.413170
0.206594
0.206585
0.206585
0.206585
0.206585
0.206585
0.206585
0.413170
0.206594
0.206585
0.206585
0.207701
0.206585
0.206585
0.206585
0.413170
0.206594
0.206585
0.206585
0.206585
0.206585
0.206585
0.206585
0.206585
0.206585
0.368259
0.206594
0.369176
0.206594
0.206585
0.206585
0.212911
0.206585
0.207701
0.206585
0.206585
0.206585
0.368260
0.206594
0.207701
0.206585
0.369176
0.206594
0.206585
0.206585
0.206585
0.206585
0.207701
0.206585
0.368259
0.206594
0.413170
0.206594
0.369176
0.206594
0.413170
0.206594
0.207701
0.206585
0.413170
0.206594
0.206585
0.206585
0.207701
0.206585
0.368212
0.206594
0.206585
0.206585
0.206585
0.206594
0.413170
0.206594
0.413170
0.206594
0.413170
0.206594
0.206585
0.206594
0.206585
0.206585
0.413170
0.206594
0.206585
0.206585
0.206585
0.206585
0.206585
0.206594
0.206585
0.206585
0.206585
0.206585
0.206585
0.206585
0.413170
0.206594
0.206585
0.206585
0.206585
0.206585
0.206585
0.206594
0.206585
0.206585
0.206585
0.206585
0.207701
0.206585
0.206585
0.206585
0.413170
0.206594
0.206585
0.206585
0.206585
0.206585
0.206585
0.206585
0.368244
0.206594
0.207701
0.206585
0.370621
0.206594
0.413170
0.206594
0.206585
0.206585
0.370034
0.206594
0.206585
0.206585
0.206585
0.206585
0.413170
0.206594
0.206585
0.206585
0.413170
0.206594
0.413170
0.206594
0.368244
0.206594
0.369176
0.206594
0.413170
0.206594
0.370035
0.206594
0.370622
0.206594
0.206585
0.206585
0.370622
0.206594
0.370024
0.206594
0.370025
0.206594
0.370035
0.206594
0.206585
0.206585
0.370025
0.206594
0.370622
0.206594
0.413170
0.206594
0.413170
0.206594
0.370035
0.206594
0.206621
0.206585
0.368148
0.206594
0.368132
0.206594
0.370035
0.206594
0.502937
0.206585
0.206585
0.206585
0.370579
0.206594
0.368132
0.206594
0.368146
0.206594
0.370035
0.206594
0.206585
0.206585
0.368146
0.206594
0.370579
0.206594
0.413170
0.206594
0.413170
0.206594
0.370035
0.206594
0.206585
0.206585
0.206585
0.206585
0.370579
0.206594
0.368132
0.206594
0.368146
0.206594
0.370035
0.206594
0.206585
0.206585
0.368146
0.206594
0.370579
0.206594
0.413170
0.206594
0.413170
0.206594
0.370035
0.206594
0.370580
0.206594
0.207697
0.206585
0.207697
0.206585
0.413170
0.206594
0.333653
0.206585
0.208571
0.206585
0.206585
0.206585
0.413170
0.206594
0.368146
0.206594
0.368132
0.206594
0.413170
0.206594
0.413170
0.206594
0.370580
0.206594
0.206585
0.206594
0.206585
0.206585
0.370580
0.206594
0.206585
0.206585
0.206585
0.206585
0.206585
0.206585
0.370623
0.206594
0.413170
0.206594
0.370580
0.206594
0.206585
0.206585
0.370622
0.206594
0.413170
0.206594
0.370036
0.206594
0.206585
0.206585
0.370580
0.206594
0.206585
0.206585
0.206585
0.206585
0.206585
0.206585
0.370622
0.206594
0.368139
0.206594
0.370579
0.206594
0.206585
0.206585
0.206585
0.206585
0.370623
0.206594
0.413170
0.206594
0.206587
0.206585
0.206586
0.206585
0.413170
0.206594
0.207697
0.206585
0.206585
0.206585
0.206585
0.206585
0.000000
0.206576
0.413170
0.206594
0.206585
0.206585
0.206585
0.206585
0.206585
0.206585
0.206585
0.206585
0.206585
0.206585
0.206585
0.206585
0.206585
0.206585
0.206585
0.206585
0.206585
0.206585
0.206585
0.206585
0.206585
0.206585
0.208258
0.206585
0.207698
0.206585
0.369175
0.206594
0.206586
0.206585
0.206585
0.206585
0.206585
0.206585
0.206585
0.206585
0.206585
0.206585
0.368271
0.206594
0.206585
0.206585
0.206586
0.206585
0.206586
0.206585
0.368246
0.206594
0.206586
0.206585
0.207950
0.206585
0.206585
0.206585
0.206594
0.206585
0.206585
0.206585
0.206585
0.206585
0.206586
0.206585
0.206586
0.206585
0.206585
0.206585
0.615701
0.206585
0.326876
0.206585
0.615701
0.206585
0.267503
0.206585
0.615701
0.206585
0.267503
0.206585
0.206585
0.206585
0.206585
0.206585
0.206585
0.206585
0.207698
0.206585
0.413171
0.206594
0.206585
0.206585
0.214216
0.206585
0.206585
0.206585
0.206585
0.206585
0.413171
0.206594
0.206585
0.206585
0.206585
0.206585
0.368271
0.206594
0.206585
0.206585
0.413170
0.206594
0.413170
0.206594
0.214216
0.206585
0.206585
0.206585
0.207698
0.206585
0.413171
0.206594
0.206585
0.206585
0.206585
0.206585
0.368271
0.206594
0.206585
0.206585
0.206585
0.206585
0.206585
0.206585
0.206585
0.206585
0.214216
0.206585
0.214216
0.206585
0.206585
0.206585
0.207698
0.206585
0.413171
0.206594
0.368246
0.206594
0.206585
0.206585
0.413171
0.206594
0.207698
0.206585
0.207698
0.206585
0.670983
0.631033
0.413171
0.206594
0.413171
0.206594
0.206585
0.206585
0.206585
0.206585
0.214216
0.206585
0.639925
0.417596
0.670983
0.417597
0.670983
0.631033
0.723191
0.206593
0.464606
0.206585
0.615701
0.206585
0.464606
0.206585
0.615701
0.206585
0.464606
0.206585
0.206585
0.206585
0.206585
0.252817
0.386337
0.251523
0.216370
0.241754
0.242397
0.241754
0.206585
0.335764
0.489817
0.348201
1.000000
0.437950
0.432498
0.437950
0.206585
0.206634
0.206680
0.206632
0.206594
0.206625
0.206625
0.206625
