0.277588
0.252193
0.252193
0.252193
0.504385
0.252203
0.252193
0.252193
0.252193
0.252193
0.252193
0.252193
0.504386
0.252203
0.252193
0.252193
0.253555
0.252193
0.252193
0.252193
0.504385
0.252203
0.252193
0.252193
0.252193
0.252193
0.252193
0.252193
0.252193
0.252193
0.449559
0.252203
0.450678
0.252203
0.252193
0.252193
0.259915
0.252193
0.253555
0.252193
0.252193
0.252193
0.449561
0.252203
0.253555
0.252193
0.450678
0.252203
0.252193
0.252193
0.252193
0.252193
0.253555
0.252193
0.449560
0.252203
0.504385
0.252203
0.450678
0.252203
0.504386
0.252203
0.253555
0.252193
0.504386
0.252203
0.252193
0.252193
0.253555
0.252193
0.449502
0.252203
0.252193
0.252193
0.252193
0.252203
0.504385
0.252203
0.504385
0.252203
0.504385
0.252203
0.252193
0.252203
0.252193
0.252193
0.504385
0.252203
0.252193
0.252193
0.252193
0.252193
0.252193
0.252203
0.252193
0.252193
0.252193
0.252193
0.252193
0.252193
0.504385
0.252203
0.252193
0.252193
0.252193
0.252193
0.252193
0.252203
0.252193
0.252193
0.252193
0.252193
0.253555
0.252193
0.252193
0.252193
0.504385
0.252203
0.252193
0.252193
0.252193
0.252193
0.252193
0.252193
0.449541
0.252203
0.253555
0.252193
0.452443
0.252203
0.504385
0.252203
0.252193
0.252193
0.451726
0.252203
0.252193
0.252193
0.252193
0.252193
0.504385
0.252203
0.252193
0.252193
0.504386
0.252203
0.504386
0.252203
0.449541
0.252203
0.450678
0.252203
0.504385
0.252203
0.451727
0.252203
0.452444
0.252203
0.252193
0.252193
0.452444
0.252203
0.451714
0.252203
0.451715
0.252203
0.451728
0.252203
0.252193
0.252193
0.451715
0.252203
0.452444
0.252203
0.504386
0.252203
0.504386
0.252203
0.451727
0.252203
0.252236
0.252193
0.449423
0.252203
0.449404
0.252203
0.451727
0.252203
0.613970
0.252193
0.252193
0.252193
0.452392
0.252203
0.449404
0.252203
0.449421
0.252203
0.451728
0.252203
0.252193
0.252193
0.449421
0.252203
0.452392
0.252203
0.504386
0.252203
0.504386
0.252203
0.451727
0.252203
0.252193
0.252193
0.252193
0.252193
0.452392
0.252203
0.449404
0.252203
0.449421
0.252203
0.451728
0.252203
0.252193
0.252193
0.449421
0.252203
0.452392
0.252203
0.504386
0.252203
0.504386
0.252203
0.451727
0.252203
0.452392
0.252203
0.253550
0.252193
0.253550
0.252193
0.504386
0.252203
0.407313
0.252193
0.254617
0.252193
0.252193
0.252193
0.504386
0.252203
0.449421
0.252203
0.449404
0.252203
0.504386
0.252203
0.504386
0.252203
0.452392
0.252203
0.252193
0.252203
0.252193
0.252193
0.452392
0.252203
0.252193
0.252193
0.252193
0.252193
0.252193
0.252193
0.452445
0.252203
0.504386
0.252203
0.452392
0.252203
0.252193
0.252193
0.452444
0.252203
0.504386
0.252203
0.451728
0.252203
0.252193
0.252193
0.452392
0.252203
0.252193
0.252193
0.252193
0.252193
0.252193
0.252193
0.452444
0.252203
0.449413
0.252203
0.452392
0.252203
0.252193
0.252193
0.252193
0.252193
0.452445
0.252203
0.504386
0.252203
0.252196
0.252193
0.252194
0.252193
0.504386
0.252203
0.253550
0.252193
0.252193
0.252193
0.252193
0.252193
0.000000
0.252182
0.504386
0.252203
0.252193
0.252193
0.252193
0.252193
0.252193
0.252193
0.252193
0.252193
0.252193
0.252193
0.252193
0.252193
0.252193
0.252193
0.252193
0.252193
0.252193
0.252193
0.252193
0.252193
0.252193
0.252193
0.254235
0.252193
0.253551
0.252193
0.450677
0.252203
0.252194
0.252193
0.252193
0.252193
0.252193
0.252193
0.252193
0.252193
0.252193
0.252193
0.449574
0.252203
0.252193
0.252193
0.252194
0.252193
0.252194
0.252193
0.449544
0.252203
0.252194
0.252193
0.253859
0.252193
0.252193
0.252193
0.252204
0.252193
0.252193
0.252193
0.252193
0.252193
0.252193
0.252193
0.252194
0.252193
0.252193
0.252193
0.751629
0.252193
0.399040
0.252193
0.751629
0.252193
0.326559
0.252193
0.751629
0.252193
0.326559
0.252193
0.252193
0.252193
0.252193
0.252193
0.252193
0.252193
0.253551
0.252193
0.504386
0.252203
0.252193
0.252193
0.261509
0.252193
0.252193
0.252193
0.252193
0.252193
0.504386
0.252203
0.252193
0.252193
0.252193
0.252193
0.449574
0.252203
0.252193
0.252193
0.504386
0.252203
0.504386
0.252203
0.261509
0.252193
0.252193
0.252193
0.253551
0.252193
0.504386
0.252203
0.252193
0.252193
0.252193
0.252193
0.449574
0.252203
0.252193
0.252193
0.252193
0.252193
0.252193
0.252193
0.252193
0.252193
0.261509
0.252193
0.261509
0.252193
0.252193
0.252193
0.253551
0.252193
0.504386
0.252203
0.449544
0.252203
0.252193
0.252193
0.504386
0.252203
0.253551
0.252193
0.253551
0.252193
0.819115
0.770345
0.504386
0.252203
0.504386
0.252203
0.252193
0.252193
0.252193
0.252193
0.261509
0.252193
0.781201
0.509789
0.819115
0.509789
0.819115
0.770345
0.882850
0.252202
0.567177
0.252193
0.751629
0.252193
0.567177
0.252193
0.751629
0.252193
0.567177
0.252193
0.252193
0.252193
0.252193
0.333076
0.550149
0.326682
0.269285
0.313366
0.312034
0.313366
0.252193
0.345947
0.495109
0.373651
1.000000
0.424245
0.446016
0.424245
0.252193
0.252260
0.252319
0.252256
0.252206
0.252248
0.252247
0.252248
