0.283316
0.254295
0.254295
0.254295
0.508589
0.254305
0.254295
0.254295
0.254295
0.254295
0.254295
0.254295
0.508589
0.254305
0.254295
0.254295
0.255668
0.254295
0.254295
0.254295
0.508589
0.254305
0.254295
0.254295
0.254295
0.254295
0.254295
0.254295
0.254295
0.254295
0.453306
0.254305
0.454434
0.254305
0.254295
0.254295
0.262081
0.254295
0.255668
0.254295
0.254295
0.254295
0.453308
0.254305
0.255668
0.254295
0.454434
0.254305
0.254295
0.254295
0.254295
0.254295
0.255668
0.254295
0.453306
0.254305
0.508589
0.254305
0.454434
0.254305
0.508589
0.254305
0.255668
0.254295
0.508589
0.254305
0.254295
0.254295
0.255668
0.254295
0.453248
0.254305
0.254295
0.254295
0.254295
0.254305
0.508589
0.254305
0.508589
0.254305
0.508589
0.254305
0.254295
0.254305
0.254295
0.254295
0.508589
0.254305
0.254295
0.254295
0.254295
0.254295
0.254295
0.254305
0.254295
0.254295
0.254295
0.254295
0.254295
0.254295
0.508589
0.254305
0.254295
0.254295
0.254295
0.254295
0.254295
0.254305
0.254295
0.254295
0.254295
0.254295
0.255668
0.254295
0.254295
0.254295
0.508589
0.254305
0.254295
0.254295
0.254295
0.254295
0.254295
0.254295
0.453288
0.254305
0.255668
0.254295
0.456214
0.254305
0.508589
0.254305
0.254295
0.254295
0.455490
0.254305
0.254295
0.254295
0.254295
0.254295
0.508589
0.254305
0.254295
0.254295
0.508589
0.254305
0.508589
0.254305
0.453288
0.254305
0.454434
0.254305
0.508589
0.254305
0.455492
0.254305
0.456215
0.254305
0.254295
0.254295
0.456215
0.254305
0.455479
0.254305
0.455479
0.254305
0.455493
0.254305
0.254295
0.254295
0.455479
0.254305
0.456215
0.254305
0.508589
0.254305
0.508589
0.254305
0.455492
0.254305
0.254338
0.254295
0.453169
0.254305
0.453149
0.254305
0.455492
0.254305
0.619087
0.254295
0.254295
0.254295
0.456162
0.254305
0.453149
0.254305
0.453167
0.254305
0.455493
0.254305
0.254295
0.254295
0.453167
0.254305
0.456162
0.254305
0.508589
0.254305
0.508589
0.254305
0.455492
0.254305
0.254295
0.254295
0.254295
0.254295
0.456162
0.254305
0.453149
0.254305
0.453167
0.254305
0.455493
0.254305
0.254295
0.254295
0.453167
0.254305
0.456162
0.254305
0.508589
0.254305
0.508589
0.254305
0.455492
0.254305
0.456162
0.254305
0.255663
0.254295
0.255663
0.254295
0.508589
0.254305
0.410708
0.254295
0.256739
0.254295
0.254295
0.254295
0.508589
0.254305
0.453167
0.254305
0.453149
0.254305
0.508589
0.254305
0.508589
0.254305
0.456162
0.254305
0.254295
0.254305
0.254295
0.254295
0.456162
0.254305
0.254295
0.254295
0.254295
0.254295
0.254295
0.254295
0.456215
0.254305
0.508589
0.254305
0.456162
0.254305
0.254295
0.254295
0.456215
0.254305
0.508589
0.254305
0.455493
0.254305
0.254295
0.254295
0.456162
0.254305
0.254295
0.254295
0.254295
0.254295
0.254295
0.254295
0.456215
0.254305
0.453158
0.254305
0.456162
0.254305
0.254295
0.254295
0.254295
0.254295
0.456215
0.254305
0.508589
0.254305
0.254297
0.254295
0.254296
0.254295
0.508589
0.254305
0.255663
0.254295
0.254295
0.254295
0.254295
0.254295
0.000000
0.254284
0.508589
0.254305
0.254295
0.254295
0.254295
0.254295
0.254295
0.254295
0.254295
0.254295
0.254295
0.254295
0.254295
0.254295
0.254295
0.254295
0.254295
0.254295
0.254295
0.254295
0.254295
0.254295
0.254295
0.254295
0.256354
0.254295
0.255664
0.254295
0.454433
0.254305
0.254296
0.254295
0.254295
0.254295
0.254295
0.254295
0.254295
0.254295
0.254295
0.254295
0.453321
0.254305
0.254295
0.254295
0.254296
0.254295
0.254296
0.254295
0.453290
0.254305
0.254295
0.254295
0.255975
0.254295
0.254295
0.254295
0.254305
0.254295
0.254295
0.254295
0.254295
0.254295
0.254295
0.254295
0.254296
0.254295
0.254295
0.254295
0.757893
0.254295
0.402365
0.254295
0.757893
0.254295
0.329281
0.254295
0.757893
0.254295
0.329281
0.254295
0.254295
0.254295
0.254295
0.254295
0.254295
0.254295
0.255664
0.254295
0.508590
0.254305
0.254295
0.254295
0.263722
0.254295
0.254295
0.254295
0.254295
0.254295
0.508590
0.254305
0.254295
0.254295
0.254295
0.254295
0.453321
0.254305
0.254295
0.254295
0.508589
0.254305
0.508589
0.254305
0.263722
0.254295
0.254295
0.254295
0.255664
0.254295
0.508590
0.254305
0.254295
0.254295
0.254295
0.254295
0.453321
0.254305
0.254295
0.254295
0.254295
0.254295
0.254295
0.254295
0.254295
0.254295
0.263722
0.254295
0.263722
0.254295
0.254295
0.254295
0.255664
0.254295
0.508590
0.254305
0.453290
0.254305
0.254295
0.254295
0.508590
0.254305
0.255664
0.254295
0.255665
0.254295
0.825942
0.776765
0.508590
0.254305
0.508590
0.254305
0.254295
0.254295
0.254295
0.254295
0.263722
0.254295
0.787711
0.514037
0.825942
0.514038
0.825942
0.776765
0.890207
0.254304
0.571904
0.254295
0.757893
0.254295
0.571904
0.254295
0.757893
0.254295
0.571904
0.254295
0.254295
0.254295
0.254295
0.563719
1.000000
0.440721
0.276260
0.430255
0.422300
0.430255
0.254295
0.266697
0.366677
0.310486
0.522871
0.310555
0.319812
0.310555
0.254295
0.254403
0.254458
0.254376
0.254306
0.254373
0.254371
0.254373
