0.284863
0.256301
0.256301
0.256301
0.512602
0.256312
0.256301
0.256301
0.256301
0.256301
0.256301
0.256301
0.512603
0.256312
0.256301
0.256301
0.257686
0.256301
0.256301
0.256301
0.512602
0.256312
0.256301
0.256301
0.256301
0.256301
0.256301
0.256301
0.256301
0.256301
0.456883
0.256312
0.458020
0.256312
0.256301
0.256301
0.264149
0.256301
0.257686
0.256301
0.256301
0.256301
0.456885
0.256312
0.257686
0.256301
0.458020
0.256312
0.256301
0.256301
0.256301
0.256301
0.257686
0.256301
0.456883
0.256312
0.512602
0.256312
0.458020
0.256312
0.512603
0.256312
0.257686
0.256301
0.512603
0.256312
0.256301
0.256301
0.257686
0.256301
0.456825
0.256312
0.256301
0.256301
0.256301
0.256312
0.512602
0.256312
0.512602
0.256312
0.512602
0.256312
0.256301
0.256312
0.256301
0.256301
0.512602
0.256312
0.256301
0.256301
0.256301
0.256301
0.256301
0.256312
0.256301
0.256301
0.256301
0.256301
0.256301
0.256301
0.512602
0.256312
0.256301
0.256301
0.256301
0.256301
0.256301
0.256312
0.256301
0.256301
0.256301
0.256301
0.257686
0.256301
0.256301
0.256301
0.512602
0.256312
0.256301
0.256301
0.256301
0.256301
0.256301
0.256301
0.456865
0.256312
0.257686
0.256301
0.459814
0.256312
0.512602
0.256312
0.256301
0.256301
0.459085
0.256312
0.256301
0.256301
0.256301
0.256301
0.512602
0.256312
0.256301
0.256301
0.512603
0.256312
0.512603
0.256312
0.456865
0.256312
0.458020
0.256312
0.512602
0.256312
0.459086
0.256312
0.459815
0.256312
0.256301
0.256301
0.459815
0.256312
0.459073
0.256312
0.459074
0.256312
0.459087
0.256312
0.256301
0.256301
0.459074
0.256312
0.459815
0.256312
0.512603
0.256312
0.512603
0.256312
0.459087
0.256312
0.256345
0.256301
0.456745
0.256312
0.456725
0.256312
0.459086
0.256312
0.623972
0.256301
0.256302
0.256301
0.459762
0.256312
0.456725
0.256312
0.456743
0.256312
0.459087
0.256312
0.256302
0.256301
0.456743
0.256312
0.459762
0.256312
0.512603
0.256312
0.512603
0.256312
0.459086
0.256312
0.256301
0.256301
0.256301
0.256301
0.459762
0.256312
0.456725
0.256312
0.456743
0.256312
0.459087
0.256312
0.256301
0.256301
0.456743
0.256312
0.459762
0.256312
0.512603
0.256312
0.512603
0.256312
0.459087
0.256312
0.459762
0.256312
0.257681
0.256301
0.257681
0.256301
0.512603
0.256312
0.413949
0.256301
0.258765
0.256301
0.256301
0.256301
0.512603
0.256312
0.456743
0.256312
0.456725
0.256312
0.512603
0.256312
0.512603
0.256312
0.459762
0.256312
0.256301
0.256312
0.256301
0.256301
0.459762
0.256312
0.256301
0.256301
0.256301
0.256301
0.256301
0.256301
0.459816
0.256312
0.512603
0.256312
0.459762
0.256312
0.256301
0.256301
0.459815
0.256312
0.512603
0.256312
0.459087
0.256312
0.256301
0.256301
0.459762
0.256312
0.256301
0.256301
0.256301
0.256301
0.256301
0.256301
0.459815
0.256312
0.456734
0.256312
0.459762
0.256312
0.256302
0.256301
0.256301
0.256301
0.459816
0.256312
0.512603
0.256312
0.256304
0.256301
0.256303
0.256301
0.512603
0.256312
0.257681
0.256301
0.256301
0.256301
0.256301
0.256301
0.000000
0.256291
0.512603
0.256312
0.256301
0.256301
0.256301
0.256301
0.256301
0.256301
0.256301
0.256301
0.256301
0.256301
0.256301
0.256301
0.256301
0.256301
0.256301
0.256301
0.256301
0.256301
0.256301
0.256301
0.256301
0.256301
0.258377
0.256301
0.257681
0.256301
0.458019
0.256312
0.256303
0.256301
0.256301
0.256301
0.256301
0.256301
0.256301
0.256301
0.256301
0.256301
0.456898
0.256312
0.256301
0.256301
0.256303
0.256301
0.256303
0.256301
0.456867
0.256312
0.256302
0.256301
0.257995
0.256301
0.256301
0.256301
0.256312
0.256302
0.256302
0.256301
0.256301
0.256301
0.256302
0.256301
0.256303
0.256301
0.256301
0.256301
0.763874
0.256301
0.405541
0.256301
0.763874
0.256301
0.331879
0.256301
0.763874
0.256301
0.331879
0.256301
0.256301
0.256301
0.256301
0.256301
0.256301
0.256301
0.257681
0.256301
0.512603
0.256312
0.256301
0.256301
0.265803
0.256301
0.256301
0.256301
0.256301
0.256301
0.512603
0.256312
0.256301
0.256301
0.256301
0.256301
0.456898
0.256312
0.256301
0.256301
0.512603
0.256312
0.512603
0.256312
0.265803
0.256301
0.256301
0.256301
0.257681
0.256301
0.512603
0.256312
0.256301
0.256301
0.256301
0.256301
0.456898
0.256312
0.256301
0.256301
0.256301
0.256301
0.256301
0.256301
0.256301
0.256301
0.265803
0.256301
0.265803
0.256301
0.256301
0.256301
0.257681
0.256301
0.512603
0.256312
0.456867
0.256312
0.256301
0.256301
0.512603
0.256312
0.257681
0.256301
0.257682
0.256301
0.832460
0.782895
0.512603
0.256312
0.512603
0.256312
0.256301
0.256301
0.256301
0.256301
0.265803
0.256301
0.793927
0.518094
0.832460
0.518094
0.832460
0.782895
0.897232
0.256311
0.576417
0.256301
0.763874
0.256301
0.576417
0.256301
0.763874
0.256301
0.576417
0.256301
0.256301
0.256301
0.256301
0.360607
0.658413
0.356829
0.273959
0.335592
0.339316
0.335592
0.256301
0.369881
0.510316
0.383309
1.000000
0.467748
0.447753
0.467748
0.256301
0.256369
0.256433
0.256367
0.256315
0.256357
0.256358
0.256357
