0.260528
0.231885
0.231885
0.231885
0.463770
0.231895
0.231885
0.231885
0.231885
0.231885
0.231885
0.231885
0.463771
0.231895
0.231885
0.231885
0.233138
0.231885
0.231885
0.231885
0.463770
0.231895
0.231885
0.231885
0.231885
0.231885
0.231885
0.231885
0.231885
0.231885
0.413359
0.231895
0.414388
0.231895
0.231885
0.231885
0.238986
0.231885
0.233138
0.231885
0.231885
0.231885
0.413361
0.231895
0.233138
0.231885
0.414388
0.231895
0.231885
0.231885
0.231885
0.231885
0.233138
0.231885
0.413360
0.231895
0.463771
0.231895
0.414388
0.231895
0.463771
0.231895
0.233138
0.231885
0.463771
0.231895
0.231885
0.231885
0.233138
0.231885
0.413306
0.231895
0.231885
0.231885
0.231885
0.231895
0.463771
0.231895
0.463771
0.231895
0.463771
0.231895
0.231885
0.231895
0.231885
0.231885
0.463771
0.231895
0.231885
0.231885
0.231885
0.231885
0.231885
0.231895
0.231885
0.231885
0.231885
0.231885
0.231885
0.231885
0.463771
0.231895
0.231885
0.231885
0.231885
0.231885
0.231885
0.231895
0.231885
0.231885
0.231885
0.231885
0.233138
0.231885
0.231885
0.231885
0.463771
0.231895
0.231885
0.231885
0.231885
0.231885
0.231885
0.231885
0.413343
0.231895
0.233138
0.231885
0.416011
0.231895
0.463771
0.231895
0.231885
0.231885
0.415351
0.231895
0.231885
0.231885
0.231885
0.231885
0.463771
0.231895
0.231885
0.231885
0.463771
0.231895
0.463771
0.231895
0.413343
0.231895
0.414388
0.231895
0.463771
0.231895
0.415353
0.231895
0.416012
0.231895
0.231885
0.231885
0.416012
0.231895
0.415341
0.231895
0.415341
0.231895
0.415353
0.231895
0.231885
0.231885
0.415341
0.231895
0.416012
0.231895
0.463771
0.231895
0.463771
0.231895
0.415353
0.231895
0.231925
0.231885
0.413234
0.231895
0.413217
0.231895
0.415353
0.231895
0.564531
0.231885
0.231886
0.231885
0.415964
0.231895
0.413216
0.231895
0.413233
0.231895
0.415353
0.231895
0.231886
0.231885
0.413233
0.231895
0.415964
0.231895
0.463771
0.231895
0.463771
0.231895
0.415353
0.231895
0.231885
0.231885
0.231885
0.231885
0.415964
0.231895
0.413216
0.231895
0.413233
0.231895
0.415353
0.231895
0.231885
0.231885
0.413233
0.231895
0.415964
0.231895
0.463771
0.231895
0.463771
0.231895
0.415353
0.231895
0.415964
0.231895
0.233134
0.231885
0.233133
0.231885
0.463771
0.231895
0.374515
0.231885
0.234114
0.231885
0.231885
0.231885
0.463771
0.231895
0.413233
0.231895
0.413216
0.231895
0.463771
0.231895
0.463771
0.231895
0.415964
0.231895
0.231885
0.231895
0.231885
0.231885
0.415964
0.231895
0.231885
0.231885
0.231885
0.231885
0.231885
0.231885
0.416012
0.231895
0.463771
0.231895
0.415964
0.231895
0.231885
0.231885
0.416012
0.231895
0.463771
0.231895
0.415354
0.231895
0.231885
0.231885
0.415964
0.231895
0.231885
0.231885
0.231885
0.231885
0.231885
0.231885
0.416012
0.231895
0.413225
0.231895
0.415964
0.231895
0.231886
0.231885
0.231885
0.231885
0.416012
0.231895
0.463771
0.231895
0.231888
0.231885
0.231887
0.231885
0.463771
0.231895
0.233134
0.231885
0.231885
0.231885
0.231885
0.231885
0.000000
0.231876
0.463771
0.231895
0.231885
0.231885
0.231885
0.231885
0.231885
0.231885
0.231885
0.231885
0.231885
0.231885
0.231885
0.231885
0.231885
0.231885
0.231885
0.231885
0.231885
0.231885
0.231885
0.231885
0.231885
0.231885
0.233763
0.231885
0.233134
0.231885
0.414387
0.231895
0.231887
0.231885
0.231885
0.231885
0.231885
0.231885
0.231885
0.231885
0.231885
0.231885
0.413373
0.231895
0.231885
0.231885
0.231887
0.231885
0.231887
0.231885
0.413345
0.231895
0.231886
0.231885
0.233417
0.231885
0.231885
0.231885
0.231895
0.231886
0.231886
0.231885
0.231885
0.231885
0.231886
0.231885
0.231887
0.231885
0.231885
0.231885
0.691105
0.231885
0.366908
0.231885
0.691105
0.231885
0.300263
0.231885
0.691105
0.231885
0.300263
0.231885
0.231885
0.231885
0.231885
0.231885
0.231885
0.231885
0.233134
0.231885
0.463771
0.231895
0.231885
0.231885
0.240365
0.231885
0.231885
0.231885
0.231885
0.231885
0.463771
0.231895
0.231885
0.231885
0.231885
0.231885
0.413373
0.231895
0.231885
0.231885
0.463771
0.231895
0.463771
0.231895
0.240365
0.231885
0.231885
0.231885
0.233134
0.231885
0.463771
0.231895
0.231885
0.231885
0.231885
0.231885
0.413373
0.231895
0.231885
0.231885
0.231885
0.231885
0.231885
0.231885
0.231885
0.231885
0.240365
0.231885
0.240365
0.231885
0.231885
0.231885
0.233134
0.231885
0.463771
0.231895
0.413345
0.231895
0.231885
0.231885
0.463771
0.231895
0.233134
0.231885
0.233135
0.231885
0.753157
0.708314
0.463771
0.231895
0.463771
0.231895
0.231885
0.231885
0.231885
0.231885
0.240365
0.231885
0.718296
0.468739
0.753157
0.468739
0.753157
0.708314
0.811759
0.231894
0.521506
0.231885
0.691105
0.231885
0.521506
0.231885
0.691105
0.231885
0.521506
0.231885
0.231885
0.231885
0.231885
0.385666
1.000000
0.423914
0.252338
0.383637
0.354909
0.383637
0.231885
0.283231
0.283461
0.257673
0.655756
0.271294
0.320620
0.271294
0.231885
0.231960
0.232054
0.231970
0.231897
0.231958
0.231950
0.231958
