0.187523
0.183098
0.183098
0.183098
0.366195
0.183105
0.183098
0.183098
0.183098
0.183098
0.183098
0.183098
0.366195
0.183105
0.183098
0.183098
0.184087
0.183098
0.183098
0.183098
0.366195
0.183105
0.183098
0.183098
0.183098
0.183098
0.183098
0.183098
0.183098
0.183098
0.326390
0.183105
0.327203
0.183105
0.183098
0.183098
0.188704
0.183098
0.184087
0.183098
0.183098
0.183098
0.326391
0.183105
0.184087
0.183098
0.327203
0.183105
0.183098
0.183098
0.183098
0.183098
0.184087
0.183098
0.326391
0.183105
0.366195
0.183105
0.327203
0.183105
0.366196
0.183105
0.184087
0.183098
0.366196
0.183105
0.183098
0.183098
0.184087
0.183098
0.326348
0.183105
0.183098
0.183098
0.183098
0.183105
0.366195
0.183105
0.366195
0.183105
0.366195
0.183105
0.183098
0.183105
0.183098
0.183098
0.366195
0.183105
0.183098
0.183098
0.183098
0.183098
0.183098
0.183105
0.183098
0.183098
0.183098
0.183098
0.183098
0.183098
0.366195
0.183105
0.183098
0.183098
0.183098
0.183098
0.183098
0.183105
0.183098
0.183098
0.183098
0.183098
0.184087
0.183098
0.183098
0.183098
0.366195
0.183105
0.183098
0.183098
0.183098
0.183098
0.183098
0.183098
0.326377
0.183105
0.184087
0.183098
0.328484
0.183105
0.366195
0.183105
0.183098
0.183098
0.327963
0.183105
0.183098
0.183098
0.183098
0.183098
0.366195
0.183105
0.183098
0.183098
0.366196
0.183105
0.366196
0.183105
0.326377
0.183105
0.327203
0.183105
0.366195
0.183105
0.327964
0.183105
0.328485
0.183105
0.183098
0.183098
0.328485
0.183105
0.327955
0.183105
0.327955
0.183105
0.327965
0.183105
0.183098
0.183098
0.327955
0.183105
0.328485
0.183105
0.366195
0.183105
0.366195
0.183105
0.327964
0.183105
0.183129
0.183098
0.326292
0.183105
0.326278
0.183105
0.327964
0.183105
0.445756
0.183098
0.183098
0.183098
0.328447
0.183105
0.326278
0.183105
0.326290
0.183105
0.327965
0.183105
0.183098
0.183098
0.326290
0.183105
0.328447
0.183105
0.366195
0.183105
0.366195
0.183105
0.327964
0.183105
0.183098
0.183098
0.183098
0.183098
0.328447
0.183105
0.326278
0.183105
0.326290
0.183105
0.327965
0.183105
0.183098
0.183098
0.326290
0.183105
0.328447
0.183105
0.366195
0.183105
0.366195
0.183105
0.327964
0.183105
0.328447
0.183105
0.184083
0.183098
0.184083
0.183098
0.366195
0.183105
0.295719
0.183098
0.184857
0.183098
0.183098
0.183098
0.366195
0.183105
0.326290
0.183105
0.326278
0.183105
0.366195
0.183105
0.366195
0.183105
0.328447
0.183105
0.183098
0.183105
0.183098
0.183098
0.328447
0.183105
0.183098
0.183098
0.183098
0.183098
0.183098
0.183098
0.328485
0.183105
0.366195
0.183105
0.328447
0.183105
0.183098
0.183098
0.328485
0.183105
0.366195
0.183105
0.327965
0.183105
0.183098
0.183098
0.328447
0.183105
0.183098
0.183098
0.183098
0.183098
0.183098
0.183098
0.328485
0.183105
0.326284
0.183105
0.328447
0.183105
0.183098
0.183098
0.183098
0.183098
0.328485
0.183105
0.366195
0.183105
0.183100
0.183098
0.183099
0.183098
0.366195
0.183105
0.184083
0.183098
0.183098
0.183098
0.183098
0.183098
0.000000
0.183090
0.366195
0.183105
0.183098
0.183098
0.183098
0.183098
0.183098
0.183098
0.183098
0.183098
0.183098
0.183098
0.183098
0.183098
0.183098
0.183098
0.183098
0.183098
0.183098
0.183098
0.183098
0.183098
0.183098
0.183098
0.184580
0.183098
0.184084
0.183098
0.327202
0.183105
0.183099
0.183098
0.183098
0.183098
0.183098
0.183098
0.183098
0.183098
0.183098
0.183098
0.326401
0.183105
0.183098
0.183098
0.183099
0.183098
0.183099
0.183098
0.326379
0.183105
0.183098
0.183098
0.184307
0.183098
0.183098
0.183098
0.183106
0.183098
0.183098
0.183098
0.183098
0.183098
0.183098
0.183098
0.183099
0.183098
0.183098
0.183098
0.545700
0.183098
0.237089
0.183098
0.545700
0.183098
0.237086
0.183098
0.545700
0.183098
0.237086
0.183098
0.183098
0.183098
0.183098
0.183098
0.183098
0.183098
0.184084
0.183098
0.366196
0.183105
0.183098
0.183098
0.189741
0.183098
0.183098
0.183098
0.183098
0.183098
0.366196
0.183105
0.183098
0.183098
0.183098
0.183098
0.326401
0.183105
0.183098
0.183098
0.366196
0.183105
0.366196
0.183105
0.189741
0.183098
0.183098
0.183098
0.184084
0.183098
0.366196
0.183105
0.183098
0.183098
0.183098
0.183098
0.326401
0.183105
0.183098
0.183098
0.183098
0.183098
0.183098
0.183098
0.183098
0.183098
0.189741
0.183098
0.189741
0.183098
0.183098
0.183098
0.184084
0.183098
0.366196
0.183105
0.326379
0.183105
0.183098
0.183098
0.366196
0.183105
0.184084
0.183098
0.184084
0.183098
0.594696
0.559288
0.366196
0.183105
0.366196
0.183105
0.183098
0.183098
0.183098
0.183098
0.189741
0.183098
0.567170
0.370118
0.637817
0.633964
0.559273
0.640969
0.183105
0.183098
0.411784
0.183098
0.545700
0.183098
0.411784
0.183098
0.545700
0.183098
0.411784
0.183098
0.183098
0.183098
0.183098
0.221946
0.337463
0.221689
0.189971
0.211907
0.214271
0.211907
0.183098
0.289516
0.412818
0.297958
1.000000
0.394946
0.350240
0.394946
0.183098
0.183145
0.183193
0.183145
0.183106
0.183137
0.183139
0.183137
