0.213952
0.202274
0.202274
0.202274
0.404548
0.202282
0.202274
0.202274
0.202274
0.202274
0.202274
0.202274
0.404548
0.202282
0.202274
0.202274
0.203367
0.202274
0.202274
0.202274
0.404548
0.202282
0.202274
0.202274
0.202274
0.202274
0.202274
0.202274
0.202274
0.202274
0.360574
0.202282
0.361471
0.202282
0.202274
0.202274
0.208468
0.202274
0.203367
0.202274
0.202274
0.202274
0.360575
0.202282
0.203367
0.202274
0.361471
0.202282
0.202274
0.202274
0.202274
0.202274
0.203367
0.202274
0.360574
0.202282
0.404548
0.202282
0.361471
0.202282
0.404548
0.202282
0.203367
0.202274
0.404548
0.202282
0.202274
0.202274
0.203367
0.202274
0.360528
0.202282
0.202274
0.202274
0.202274
0.202282
0.404548
0.202282
0.404548
0.202282
0.404548
0.202282
0.202274
0.202282
0.202274
0.202274
0.404548
0.202282
0.202274
0.202274
0.202274
0.202274
0.202274
0.202282
0.202274
0.202274
0.202274
0.202274
0.202274
0.202274
0.404548
0.202282
0.202274
0.202274
0.202274
0.202274
0.202274
0.202282
0.202274
0.202274
0.202274
0.202274
0.203367
0.202274
0.202274
0.202274
0.404548
0.202282
0.202274
0.202274
0.202274
0.202274
0.202274
0.202274
0.360559
0.202282
0.203367
0.202274
0.362887
0.202282
0.404548
0.202282
0.202274
0.202274
0.362311
0.202282
0.202274
0.202274
0.202274
0.202274
0.404548
0.202282
0.202274
0.202274
0.404548
0.202282
0.404548
0.202282
0.360559
0.202282
0.361471
0.202282
0.404548
0.202282
0.362313
0.202282
0.362888
0.202282
0.202274
0.202274
0.362887
0.202282
0.362302
0.202282
0.362303
0.202282
0.362313
0.202282
0.202274
0.202274
0.362303
0.202282
0.362887
0.202282
0.404548
0.202282
0.404548
0.202282
0.362313
0.202282
0.202309
0.202274
0.360465
0.202282
0.360449
0.202282
0.362313
0.202282
0.492441
0.202274
0.202274
0.202274
0.362846
0.202282
0.360449
0.202282
0.360463
0.202282
0.362313
0.202282
0.202274
0.202274
0.360463
0.202282
0.362846
0.202282
0.404548
0.202282
0.404548
0.202282
0.362313
0.202282
0.202274
0.202274
0.202274
0.202274
0.362846
0.202282
0.360449
0.202282
0.360463
0.202282
0.362313
0.202282
0.202274
0.202274
0.360463
0.202282
0.362846
0.202282
0.404548
0.202282
0.404548
0.202282
0.362313
0.202282
0.362846
0.202282
0.203363
0.202274
0.203363
0.202274
0.404548
0.202282
0.326690
0.202274
0.204218
0.202274
0.202274
0.202274
0.404548
0.202282
0.360463
0.202282
0.360449
0.202282
0.404548
0.202282
0.404548
0.202282
0.362846
0.202282
0.202274
0.202282
0.202274
0.202274
0.362846
0.202282
0.202274
0.202274
0.202274
0.202274
0.202274
0.202274
0.362888
0.202282
0.404548
0.202282
0.362846
0.202282
0.202274
0.202274
0.362888
0.202282
0.404548
0.202282
0.362314
0.202282
0.202274
0.202274
0.362846
0.202282
0.202274
0.202274
0.202274
0.202274
0.202274
0.202274
0.362888
0.202282
0.360456
0.202282
0.362846
0.202282
0.202274
0.202274
0.202274
0.202274
0.362888
0.202282
0.404548
0.202282
0.202276
0.202274
0.202275
0.202274
0.404548
0.202282
0.203363
0.202274
0.202274
0.202274
0.202274
0.202274
0.000000
0.202265
0.404548
0.202282
0.202274
0.202274
0.202274
0.202274
0.202274
0.202274
0.202274
0.202274
0.202274
0.202274
0.202274
0.202274
0.202274
0.202274
0.202274
0.202274
0.202274
0.202274
0.202274
0.202274
0.202274
0.202274
0.203912
0.202274
0.203363
0.202274
0.361471
0.202282
0.202275
0.202274
0.202274
0.202274
0.202274
0.202274
0.202274
0.202274
0.202274
0.202274
0.360586
0.202282
0.202274
0.202274
0.202275
0.202274
0.202275
0.202274
0.360561
0.202282
0.202275
0.202274
0.203610
0.202274
0.202274
0.202274
0.202283
0.202274
0.202274
0.202274
0.202274
0.202274
0.202274
0.202274
0.202275
0.202274
0.202274
0.202274
0.602852
0.202274
0.261920
0.202274
0.602852
0.202274
0.261916
0.202274
0.602852
0.202274
0.261916
0.202274
0.202274
0.202274
0.202274
0.202274
0.202274
0.202274
0.203363
0.202274
0.404548
0.202282
0.202274
0.202274
0.209661
0.202274
0.202274
0.202274
0.202274
0.202274
0.404548
0.202282
0.202274
0.202274
0.202274
0.202274
0.360586
0.202282
0.202274
0.202274
0.404548
0.202282
0.404548
0.202282
0.209661
0.202274
0.202274
0.202274
0.203363
0.202274
0.404548
0.202282
0.202274
0.202274
0.202274
0.202274
0.360586
0.202282
0.202274
0.202274
0.202274
0.202274
0.202274
0.202274
0.202274
0.202274
0.209661
0.202274
0.209661
0.202274
0.202274
0.202274
0.203363
0.202274
0.404548
0.202282
0.360561
0.202282
0.202274
0.202274
0.404548
0.202282
0.203363
0.202274
0.203364
0.202274
0.656980
0.617864
0.404548
0.202282
0.404548
0.202282
0.202274
0.202274
0.202274
0.202274
0.209661
0.202274
0.626570
0.408881
0.704617
0.700360
0.617847
0.708099
0.202282
0.202274
0.454911
0.202274
0.602852
0.202274
0.454911
0.202274
0.602852
0.202274
0.454911
0.202274
0.202274
0.202274
0.202274
0.268554
0.430145
0.259242
0.212257
0.247573
0.249783
0.247573
0.202274
0.253599
0.382365
0.292319
1.000000
0.320787
0.331662
0.320787
0.202274
0.202337
0.202388
0.202331
0.202284
0.202323
0.202325
0.202323
