0.227246
0.222336
0.222336
0.222336
0.222336
0.222336
0.122550
0.222341
0.222337
0.222336
0.021561
0.222339
0.222336
0.222336
0.021561
0.222339
0.023146
0.222339
0.021561
0.222339
0.222336
0.222336
0.122365
0.222341
0.211366
0.222341
0.122553
0.222341
0.222337
0.222336
0.122551
0.222341
0.023146
0.222339
0.122365
0.222341
0.211366
0.222341
0.222336
0.222336
0.222336
0.222336
0.122551
0.222341
0.021561
0.222339
0.222336
0.222336
0.222336
0.222336
0.122366
0.222341
0.122553
0.222341
0.122365
0.222341
0.222336
0.222336
0.122553
0.222341
0.211366
0.222341
0.222336
0.222336
0.211366
0.222341
0.021561
0.222339
0.122551
0.222341
0.122340
0.222341
0.222336
0.222341
0.211366
0.222341
0.222336
0.222336
0.122831
0.222341
0.222336
0.222336
0.222336
0.222336
0.222336
0.222336
0.222336
0.222336
0.222336
0.222336
0.122831
0.222341
0.222336
0.222336
0.122303
0.222341
0.222336
0.222341
0.211366
0.222341
0.222336
0.222341
0.222336
0.222341
0.222336
0.222336
0.122550
0.222341
0.222337
0.222336
0.021561
0.222339
0.222336
0.222336
0.021561
0.222339
0.223401
0.222336
0.021561
0.222339
0.211366
0.222341
0.211366
0.222341
0.122783
0.222341
0.222336
0.222336
0.222336
0.222336
0.222336
0.222336
0.222336
0.222336
0.290499
0.222336
0.122357
0.222341
0.122553
0.222341
0.122783
0.222341
0.122850
0.222341
0.222336
0.222336
0.222336
0.222336
0.211366
0.222341
0.211366
0.222341
0.222336
0.222336
0.222336
0.222336
0.222336
0.222336
0.122850
0.222341
0.222336
0.222336
0.021558
0.222339
0.211366
0.222341
0.211366
0.222341
0.122850
0.222341
0.222336
0.222336
0.222336
0.222336
0.122303
0.222341
0.222336
0.222336
0.211366
0.222341
0.122295
0.222341
0.122782
0.222341
0.211366
0.222341
0.021559
0.222339
0.211367
0.222341
0.222336
0.222336
0.222336
0.222336
0.122834
0.222341
0.222336
0.222336
0.021562
0.222339
0.211366
0.222341
0.021559
0.222339
0.211367
0.222341
0.222336
0.222336
0.222336
0.222336
0.122834
0.222341
0.222336
0.222336
0.122834
0.222341
0.023146
0.222339
0.122295
0.222341
0.211366
0.222341
0.122838
0.222341
0.211366
0.222341
0.222336
0.222336
0.211366
0.222341
0.211366
0.222341
0.211366
0.222341
0.211366
0.222341
0.211366
0.222341
0.122850
0.222341
0.122850
0.222341
0.021558
0.222339
0.211366
0.222341
0.222337
0.222346
0.122850
0.222341
0.222336
0.222336
0.222336
0.222336
0.222336
0.222336
0.222336
0.222336
0.222336
0.222336
0.122296
0.222341
0.122782
0.222341
0.310937
0.310937
0.310937
0.310937
0.224722
0.224722
0.222336
0.224712
0.222346
0.222346
0.222336
0.224712
0.222346
0.222336
0.222336
0.224712
0.310937
0.310937
0.310937
0.310937
0.222346
0.222336
0.222336
0.222327
0.222346
0.222336
0.222336
0.224712
0.450012
0.499458
0.222434
0.222336
0.334884
0.334884
0.334884
0.334884
0.222337
0.222336
0.222336
0.222336
0.222336
0.222336
0.222336
0.222336
0.222336
0.222336
0.023146
0.222339
0.222337
0.222336
0.222337
0.222336
0.222336
0.222336
0.222336
0.222336
0.222336
0.222336
0.222336
0.222336
0.222336
0.222336
0.222336
0.222336
0.222336
0.222336
0.222336
0.222336
0.222336
0.222336
0.222337
0.222336
0.222337
0.222336
0.222336
0.222336
0.222336
0.222336
0.222336
0.222336
0.222336
0.222336
0.122370
0.222341
0.222336
0.222336
0.222337
0.222336
0.023767
0.222339
0.021559
0.222339
0.222337
0.222336
0.122358
0.222341
0.222337
0.222336
0.225374
0.222336
0.222336
0.222336
0.222341
0.222336
0.222336
0.222336
0.222336
0.222336
0.222337
0.222336
0.222337
0.222336
0.222336
0.222336
0.441782
0.222336
0.260267
0.222336
0.441785
0.222336
0.333757
0.222336
0.441785
0.222336
0.333757
0.222336
0.222336
0.222336
0.222336
0.222336
0.222336
0.222336
0.023146
0.222339
0.352584
0.000000
0.023767
0.222339
0.122551
0.222341
0.021559
0.222339
0.352584
0.000000
0.023767
0.222339
0.222336
0.222336
0.021559
0.222339
0.211367
0.222341
0.222336
0.222336
0.222336
0.222336
0.211366
0.222341
0.122344
0.222341
0.222336
0.222336
0.211366
0.222341
0.211366
0.222341
0.352584
0.000000
0.222336
0.222336
0.352584
0.000000
0.211366
0.222341
0.023767
0.222339
0.222336
0.222336
0.222336
0.222336
0.211367
0.222341
0.222336
0.222336
0.222336
0.222336
0.122366
0.222341
0.122366
0.222341
0.352584
0