0.251390
0.246928
0.246928
0.246928
0.246928
0.246928
0.136105
0.246933
0.246929
0.246928
0.023946
0.246932
0.246928
0.246928
0.023946
0.246932
0.025706
0.246932
0.023946
0.246932
0.246928
0.246928
0.135899
0.246933
0.234745
0.246933
0.136108
0.246933
0.246929
0.246928
0.136105
0.246933
0.025706
0.246932
0.135899
0.246933
0.234745
0.246933
0.246928
0.246928
0.246928
0.246928
0.136105
0.246933
0.023946
0.246932
0.246928
0.246928
0.246928
0.246928
0.135900
0.246933
0.136108
0.246933
0.135900
0.246933
0.246928
0.246928
0.136108
0.246933
0.234745
0.246933
0.246928
0.246928
0.234745
0.246933
0.023946
0.246932
0.136105
0.246933
0.135871
0.246933
0.246928
0.246933
0.234745
0.246933
0.246928
0.246928
0.136417
0.246933
0.246928
0.246928
0.246928
0.246928
0.246928
0.246928
0.246928
0.246928
0.246928
0.246928
0.136417
0.246933
0.246928
0.246928
0.135830
0.246933
0.246928
0.246933
0.234745
0.246933
0.246928
0.246933
0.246928
0.246933
0.246928
0.246928
0.136105
0.246933
0.246929
0.246928
0.023946
0.246932
0.246928
0.246928
0.023946
0.246932
0.248111
0.246928
0.023946
0.246932
0.234745
0.246933
0.234745
0.246933
0.136363
0.246933
0.246928
0.246928
0.246928
0.246928
0.246928
0.246928
0.246928
0.246928
0.322630
0.246928
0.135890
0.246933
0.136108
0.246933
0.136363
0.246933
0.136438
0.246933
0.246928
0.246928
0.246928
0.246928
0.234745
0.246933
0.234745
0.246933
0.246928
0.246928
0.246928
0.246928
0.246928
0.246928
0.136438
0.246933
0.246928
0.246928
0.023943
0.246932
0.234745
0.246933
0.234745
0.246933
0.136438
0.246933
0.246928
0.246928
0.246928
0.246928
0.135830
0.246933
0.246928
0.246928
0.234745
0.246933
0.135822
0.246933
0.136363
0.246933
0.234745
0.246933
0.023943
0.246932
0.234745
0.246933
0.246928
0.246928
0.246928
0.246928
0.136420
0.246933
0.246928
0.246928
0.023947
0.246932
0.234745
0.246933
0.023943
0.246932
0.234745
0.246933
0.246928
0.246928
0.246928
0.246928
0.136420
0.246933
0.246928
0.246928
0.136420
0.246933
0.025706
0.246932
0.135822
0.246933
0.234745
0.246933
0.136424
0.246933
0.234745
0.246933
0.246928
0.246928
0.234745
0.246933
0.234745
0.246933
0.234745
0.246933
0.234745
0.246933
0.234745
0.246933
0.136438
0.246933
0.136437
0.246933
0.023943
0.246932
0.234745
0.246933
0.246929
0.246938
0.136438
0.246933
0.246928
0.246928
0.246928
0.246928
0.246928
0.246928
0.246928
0.246928
0.246928
0.246928
0.135823
0.246933
0.136363
0.246933
0.345329
0.345329
0.345329
0.345329
0.249577
0.249577
0.246928
0.249567
0.246938
0.246938
0.246928
0.249567
0.246938
0.246928
0.246928
0.249567
0.345329
0.345329
0.345329
0.345329
0.246938
0.246928
0.246928
0.246918
0.246938
0.246928
0.246928
0.249567
0.499787
0.554701
0.247036
0.246928
0.371924
0.371924
0.371924
0.371924
0.246929
0.246928
0.246928
0.246928
0.246928
0.246928
0.246928
0.246928
0.246928
0.246928
0.025706
0.246932
0.246929
0.246928
0.246929
0.246928
0.246928
0.246928
0.246928
0.246928
0.246928
0.246928
0.246928
0.246928
0.246928
0.246928
0.246928
0.246928
0.246928
0.246928
0.246928
0.246928
0.246928
0.246928
0.246929
0.246928
0.246929
0.246928
0.246928
0.246928
0.246928
0.246928
0.246928
0.246928
0.246928
0.246928
0.135905
0.246933
0.246928
0.246928
0.246929
0.246928
0.026392
0.246932
0.023943
0.246932
0.246929
0.246928
0.135892
0.246933
0.246928
0.246928
0.250302
0.246928
0.246928
0.246928
0.246933
0.246928
0.246928
0.246928
0.246928
0.246928
0.246928
0.246928
0.246929
0.246928
0.246928
0.246928
0.490646
0.246928
0.289054
0.246928
0.490650
0.246928
0.370673
0.246928
0.490650
0.246928
0.370673
0.246928
0.246928
0.246928
0.246928
0.246928
0.246928
0.246928
0.025707
0.246932
0.391582
0.000000
0.026392
0.246932
0.136105
0.246933
0.023943
0.246932
0.391582
0.000000
0.026392
0.246932
0.246928
0.246928
0.023943
0.246932
0.234745
0.246933
0.246928
0.246928
0.246928
0.246928
0.234745
0.246933
0.135877
0.246933
0.246928
0.246928
0.234745
0.246933
0.234745
0.246933
0.391582
0.000000
0.246928
0.246928
0.391582
0.000000
0.234745
0.246933
0.026392
0.246932
0.246928
0.246928
0.246928
0.246928
0.234745
0.246933
0.246928
0.246928
0.246928
0.246928
0.135901
0.246933
0.135900
0.246933
0.391582
0