0.177349
0.168955
0.168955
0.168955
0.337911
0.168963
0.168955
0.168955
0.168955
0.168955
0.168955
0.168955
0.337911
0.168963
0.168955
0.168955
0.169868
0.168955
0.168955
0.168955
0.337911
0.168963
0.168955
0.168955
0.168955
0.168955
0.168955
0.168955
0.168955
0.168955
0.301180
0.168962
0.301930
0.168962
0.168955
0.168955
0.174129
0.168955
0.169868
0.168955
0.168955
0.168955
0.301181
0.168962
0.169868
0.168955
0.301930
0.168962
0.168955
0.168955
0.168955
0.168955
0.169868
0.168955
0.301180
0.168962
0.337911
0.168963
0.301930
0.168962
0.337911
0.168963
0.169868
0.168955
0.337911
0.168963
0.168955
0.168955
0.169868
0.168955
0.301142
0.168962
0.168955
0.168955
0.168955
0.168963
0.337911
0.168963
0.337911
0.168963
0.337911
0.168963
0.168955
0.168963
0.168955
0.168955
0.337911
0.168963
0.168955
0.168955
0.168955
0.168955
0.168955
0.168963
0.168955
0.168955
0.168955
0.168955
0.168955
0.168955
0.337911
0.168963
0.168955
0.168955
0.168955
0.168955
0.168955
0.168963
0.168955
0.168955
0.168955
0.168955
0.169868
0.168955
0.168955
0.168955
0.337911
0.168963
0.168955
0.168955
0.168955
0.168955
0.168955
0.168955
0.301168
0.168962
0.169868
0.168955
0.303112
0.168962
0.337911
0.168963
0.168955
0.168955
0.302632
0.168962
0.168955
0.168955
0.168955
0.168955
0.337911
0.168963
0.168955
0.168955
0.337911
0.168963
0.337911
0.168963
0.301168
0.168962
0.301930
0.168962
0.337911
0.168963
0.302633
0.168962
0.303113
0.168962
0.168955
0.168955
0.303113
0.168962
0.302624
0.168962
0.302624
0.168962
0.302633
0.168962
0.168955
0.168955
0.302624
0.168962
0.303113
0.168962
0.337911
0.168963
0.337911
0.168963
0.302633
0.168962
0.168984
0.168955
0.301089
0.168962
0.301076
0.168962
0.302633
0.168962
0.411326
0.168955
0.168956
0.168955
0.303078
0.168962
0.301076
0.168962
0.301088
0.168962
0.302633
0.168962
0.168956
0.168955
0.301088
0.168962
0.303078
0.168962
0.337911
0.168963
0.337911
0.168963
0.302633
0.168962
0.168955
0.168955
0.168955
0.168955
0.303078
0.168962
0.301076
0.168962
0.301088
0.168962
0.302633
0.168962
0.168955
0.168955
0.301088
0.168962
0.303078
0.168962
0.337911
0.168963
0.337911
0.168963
0.302633
0.168962
0.303078
0.168962
0.169865
0.168955
0.169865
0.168955
0.337911
0.168963
0.272878
0.168955
0.170579
0.168955
0.168955
0.168955
0.337911
0.168963
0.301088
0.168962
0.301076
0.168962
0.337911
0.168963
0.337911
0.168963
0.303078
0.168962
0.168955
0.168962
0.168955
0.168955
0.303078
0.168962
0.168955
0.168955
0.168955
0.168955
0.168955
0.168955
0.303113
0.168962
0.337911
0.168963
0.303078
0.168962
0.168955
0.168955
0.303113
0.168962
0.337911
0.168963
0.302633
0.168962
0.168955
0.168955
0.303078
0.168962
0.168955
0.168955
0.168955
0.168955
0.168955
0.168955
0.303113
0.168962
0.301082
0.168962
0.303078
0.168962
0.168956
0.168955
0.168955
0.168955
0.303113
0.168962
0.337911
0.168963
0.168957
0.168955
0.168956
0.168955
0.337911
0.168963
0.169865
0.168955
0.168955
0.168955
0.168955
0.168955
0.000000
0.168948
0.337911
0.168963
0.168955
0.168955
0.168955
0.168955
0.168955
0.168955
0.168955
0.168955
0.168955
0.168955
0.168955
0.168955
0.168955
0.168955
0.168955
0.168955
0.168955
0.168955
0.168955
0.168955
0.168955
0.168955
0.170324
0.168955
0.169865
0.168955
0.301929
0.168962
0.168956
0.168955
0.168955
0.168955
0.168955
0.168955
0.168955
0.168955
0.168955
0.168955
0.301190
0.168962
0.168955
0.168955
0.168956
0.168955
0.168956
0.168955
0.301170
0.168962
0.168956
0.168955
0.170072
0.168955
0.168955
0.168955
0.168963
0.168956
0.168956
0.168955
0.168955
0.168955
0.168956
0.168955
0.168956
0.168955
0.168955
0.168955
0.503550
0.168955
0.218777
0.168955
0.503550
0.168955
0.218773
0.168955
0.503550
0.168955
0.218773
0.168955
0.168955
0.168955
0.168955
0.168955
0.168955
0.168955
0.169865
0.168955
0.337911
0.168963
0.168955
0.168955
0.175121
0.168955
0.168955
0.168955
0.168955
0.168955
0.337911
0.168963
0.168955
0.168955
0.168955
0.168955
0.301190
0.168962
0.168955
0.168955
0.337911
0.168963
0.337911
0.168963
0.175121
0.168955
0.168955
0.168955
0.169865
0.168955
0.337911
0.168963
0.168955
0.168955
0.168955
0.168955
0.301190
0.168962
0.168955
0.168955
0.168955
0.168955
0.168955
0.168955
0.168955
0.168955
0.175121
0.168955
0.175121
0.168955
0.168955
0.168955
0.169865
0.168955
0.337911
0.168963
0.301170
0.168962
0.168955
0.168955
0.337911
0.168963
0.169865
0.168955
0.169866
0.168955
0.548762
0.516089
0.337911
0.168963
0.337911
0.168963
0.168955
0.168955
0.168955
0.168955
0.175121
0.168955
0.523362
0.341531
0.588552
0.584997
0.516075
0.591461
0.168962
0.168955
0.379978
0.168955
0.503550
0.168955
0.379978
0.168955
0.503550
0.168955
0.379978
0.168955
0.168955
0.168955
0.168955
0.202136
0.287208
0.198519
0.173414
0.192130
0.193307
0.192130
0.168955
0.295034
0.489486
0.329221
1.000000
0.439368
0.391814
0.439368
0.168955
0.169000
0.169039
0.168997
0.168962
0.168991
0.168992
0.168991
