0.147808
0.140275
0.140275
0.140275
0.280550
0.140281
0.140275
0.140275
0.140275
0.140275
0.140275
0.140275
0.280550
0.140281
0.140275
0.140275
0.141033
0.140275
0.140275
0.140275
0.280550
0.140281
0.140275
0.140275
0.140275
0.140275
0.140275
0.140275
0.140275
0.140275
0.250054
0.140281
0.250677
0.140281
0.140275
0.140275
0.144570
0.140275
0.141033
0.140275
0.140275
0.140275
0.250055
0.140281
0.141033
0.140275
0.250677
0.140281
0.140275
0.140275
0.140275
0.140275
0.141033
0.140275
0.250054
0.140281
0.280550
0.140281
0.250677
0.140281
0.280550
0.140281
0.141033
0.140275
0.280550
0.140281
0.140275
0.140275
0.141033
0.140275
0.250022
0.140281
0.140275
0.140275
0.140275
0.140281
0.280550
0.140281
0.280550
0.140281
0.280550
0.140281
0.140275
0.140281
0.140275
0.140275
0.280550
0.140281
0.140275
0.140275
0.140275
0.140275
0.140275
0.140281
0.140275
0.140275
0.140275
0.140275
0.140275
0.140275
0.280550
0.140281
0.140275
0.140275
0.140275
0.140275
0.140275
0.140281
0.140275
0.140275
0.140275
0.140275
0.141033
0.140275
0.140275
0.140275
0.280550
0.140281
0.140275
0.140275
0.140275
0.140275
0.140275
0.140275
0.250044
0.140281
0.141033
0.140275
0.251658
0.140281
0.280550
0.140281
0.140275
0.140275
0.251259
0.140281
0.140275
0.140275
0.140275
0.140275
0.280550
0.140281
0.140275
0.140275
0.280550
0.140281
0.280550
0.140281
0.250044
0.140281
0.250677
0.140281
0.280550
0.140281
0.251260
0.140281
0.251659
0.140281
0.140275
0.140275
0.251659
0.140281
0.251253
0.140281
0.251253
0.140281
0.251261
0.140281
0.140275
0.140275
0.251253
0.140281
0.251659
0.140281
0.280550
0.140281
0.280550
0.140281
0.251260
0.140281
0.140299
0.140275
0.249979
0.140281
0.249968
0.140281
0.251260
0.140281
0.341503
0.140275
0.140275
0.140275
0.251630
0.140281
0.249968
0.140281
0.249978
0.140281
0.251261
0.140281
0.140275
0.140275
0.249978
0.140281
0.251630
0.140281
0.280550
0.140281
0.280550
0.140281
0.251260
0.140281
0.140275
0.140275
0.140275
0.140275
0.251630
0.140281
0.249968
0.140281
0.249978
0.140281
0.251261
0.140281
0.140275
0.140275
0.249978
0.140281
0.251630
0.140281
0.280550
0.140281
0.280550
0.140281
0.251260
0.140281
0.251630
0.140281
0.141030
0.140275
0.141030
0.140275
0.280550
0.140281
0.226556
0.140275
0.141623
0.140275
0.140275
0.140275
0.280550
0.140281
0.249978
0.140281
0.249968
0.140281
0.280550
0.140281
0.280550
0.140281
0.251630
0.140281
0.140275
0.140281
0.140275
0.140275
0.251630
0.140281
0.140275
0.140275
0.140275
0.140275
0.140275
0.140275
0.251659
0.140281
0.280550
0.140281
0.251630
0.140281
0.140275
0.140275
0.251659
0.140281
0.280550
0.140281
0.251261
0.140281
0.140275
0.140275
0.251630
0.140281
0.140275
0.140275
0.140275
0.140275
0.140275
0.140275
0.251659
0.140281
0.249973
0.140281
0.251630
0.140281
0.140275
0.140275
0.140275
0.140275
0.251659
0.140281
0.280550
0.140281
0.140276
0.140275
0.140276
0.140275
0.280550
0.140281
0.141030
0.140275
0.140275
0.140275
0.140275
0.140275
0.000000
0.140269
0.280550
0.140281
0.140275
0.140275
0.140275
0.140275
0.140275
0.140275
0.140275
0.140275
0.140275
0.140275
0.140275
0.140275
0.140275
0.140275
0.140275
0.140275
0.140275
0.140275
0.140275
0.140275
0.140275
0.140275
0.141411
0.140275
0.141030
0.140275
0.250676
0.140281
0.140276
0.140275
0.140275
0.140275
0.140275
0.140275
0.140275
0.140275
0.140275
0.140275
0.250062
0.140281
0.140275
0.140275
0.140276
0.140275
0.140276
0.140275
0.250046
0.140281
0.140275
0.140275
0.141202
0.140275
0.140275
0.140275
0.140281
0.140275
0.140275
0.140275
0.140275
0.140275
0.140275
0.140275
0.140276
0.140275
0.140275
0.140275
0.418072
0.140275
0.181639
0.140275
0.418072
0.140275
0.181636
0.140275
0.418072
0.140275
0.181636
0.140275
0.140275
0.140275
0.140275
0.140275
0.140275
0.140275
0.141030
0.140275
0.280550
0.140281
0.140275
0.140275
0.145397
0.140275
0.140275
0.140275
0.140275
0.140275
0.280550
0.140281
0.140275
0.140275
0.140275
0.140275
0.250063
0.140281
0.140275
0.140275
0.280550
0.140281
0.280550
0.140281
0.145397
0.140275
0.140275
0.140275
0.141030
0.140275
0.280550
0.140281
0.140275
0.140275
0.140275
0.140275
0.250063
0.140281
0.140275
0.140275
0.140275
0.140275
0.140275
0.140275
0.140275
0.140275
0.145397
0.140275
0.145397
0.140275
0.140275
0.140275
0.141030
0.140275
0.280550
0.140281
0.250046
0.140281
0.140275
0.140275
0.280550
0.140281
0.141030
0.140275
0.141031
0.140275
0.455609
0.428482
0.280550
0.140281
0.280550
0.140281
0.140275
0.140275
0.140275
0.140275
0.145397
0.140275
0.434520
0.283555
0.488644
0.485693
0.428471
0.491059
0.140280
0.140275
0.315476
0.140275
0.418072
0.140275
0.315476
0.140275
0.418072
0.140275
0.315476
0.140275
0.140275
0.140275
0.140275
0.154670
0.193370
0.153549
0.143249
0.150537
0.150592
0.150537
0.140275
0.316384
0.512966
0.326620
1.000000
0.450342
0.451696
0.450342
0.140275
0.140303
0.140328
0.140301
0.140280
0.140297
0.140297
0.140297
