0.131038
0.126290
0.126290
0.126290
0.252580
0.126295
0.126290
0.126290
0.126290
0.126290
0.126290
0.126290
0.252580
0.126295
0.126290
0.126290
0.126972
0.126290
0.126290
0.126290
0.252580
0.126295
0.126290
0.126290
0.126290
0.126290
0.126290
0.126290
0.126290
0.126290
0.225124
0.126295
0.225685
0.126295
0.126290
0.126290
0.130157
0.126290
0.126972
0.126290
0.126290
0.126290
0.225125
0.126295
0.126972
0.126290
0.225685
0.126295
0.126290
0.126290
0.126290
0.126290
0.126972
0.126290
0.225125
0.126295
0.252580
0.126295
0.225685
0.126295
0.252580
0.126295
0.126972
0.126290
0.252580
0.126295
0.126290
0.126290
0.126972
0.126290
0.225096
0.126295
0.126290
0.126290
0.126290
0.126295
0.252580
0.126295
0.252580
0.126295
0.252580
0.126295
0.126290
0.126295
0.126290
0.126290
0.252580
0.126295
0.126290
0.126290
0.126290
0.126290
0.126290
0.126295
0.126290
0.126290
0.126290
0.126290
0.126290
0.126290
0.252580
0.126295
0.126290
0.126290
0.126290
0.126290
0.126290
0.126295
0.126290
0.126290
0.126290
0.126290
0.126972
0.126290
0.126290
0.126290
0.252580
0.126295
0.126290
0.126290
0.126290
0.126290
0.126290
0.126290
0.225115
0.126295
0.126972
0.126290
0.226569
0.126295
0.252580
0.126295
0.126290
0.126290
0.226209
0.126295
0.126290
0.126290
0.126290
0.126290
0.252580
0.126295
0.126290
0.126290
0.252580
0.126295
0.252580
0.126295
0.225115
0.126295
0.225685
0.126295
0.252580
0.126295
0.226210
0.126295
0.226569
0.126295
0.126290
0.126290
0.226569
0.126295
0.226204
0.126295
0.226204
0.126295
0.226210
0.126295
0.126290
0.126290
0.226204
0.126295
0.226569
0.126295
0.252580
0.126295
0.252580
0.126295
0.226210
0.126295
0.126311
0.126290
0.225056
0.126295
0.225047
0.126295
0.226210
0.126295
0.307456
0.126290
0.126290
0.126290
0.226543
0.126295
0.225047
0.126295
0.225055
0.126295
0.226210
0.126295
0.126290
0.126290
0.225055
0.126295
0.226543
0.126295
0.252580
0.126295
0.252580
0.126295
0.226210
0.126295
0.126290
0.126290
0.126290
0.126290
0.226543
0.126295
0.225047
0.126295
0.225055
0.126295
0.226210
0.126295
0.126290
0.126290
0.225055
0.126295
0.226543
0.126295
0.252580
0.126295
0.252580
0.126295
0.226210
0.126295
0.226543
0.126295
0.126970
0.126290
0.126970
0.126290
0.252580
0.126295
0.203969
0.126290
0.127504
0.126290
0.126290
0.126290
0.252580
0.126295
0.225055
0.126295
0.225047
0.126295
0.252580
0.126295
0.252580
0.126295
0.226543
0.126295
0.126290
0.126295
0.126290
0.126290
0.226543
0.126295
0.126290
0.126290
0.126290
0.126290
0.126290
0.126290
0.226569
0.126295
0.252580
0.126295
0.226543
0.126295
0.126290
0.126290
0.226569
0.126295
0.252580
0.126295
0.226211
0.126295
0.126290
0.126290
0.226543
0.126295
0.126290
0.126290
0.126290
0.126290
0.126290
0.126290
0.226569
0.126295
0.225051
0.126295
0.226543
0.126295
0.126290
0.126290
0.126290
0.126290
0.226569
0.126295
0.252580
0.126295
0.126291
0.126290
0.126291
0.126290
0.252580
0.126295
0.126970
0.126290
0.126290
0.126290
0.126290
0.126290
0.000000
0.126285
0.252580
0.126295
0.126290
0.126290
0.126290
0.126290
0.126290
0.126290
0.126290
0.126290
0.126290
0.126290
0.126290
0.126290
0.126290
0.126290
0.126290
0.126290
0.126290
0.126290
0.126290
0.126290
0.126290
0.126290
0.127313
0.126290
0.126970
0.126290
0.225684
0.126295
0.126291
0.126290
0.126290
0.126290
0.126290
0.126290
0.126290
0.126290
0.126290
0.126290
0.225132
0.126295
0.126290
0.126290
0.126291
0.126290
0.126291
0.126290
0.225117
0.126295
0.126290
0.126290
0.127124
0.126290
0.126290
0.126290
0.126295
0.126290
0.126290
0.126290
0.126290
0.126290
0.126290
0.126290
0.126291
0.126290
0.126290
0.126290
0.376391
0.126290
0.163530
0.126290
0.376391
0.126290
0.163528
0.126290
0.376391
0.126290
0.163528
0.126290
0.126290
0.126290
0.126290
0.126290
0.126290
0.126290
0.126970
0.126290
0.252580
0.126295
0.126290
0.126290
0.130882
0.126290
0.126290
0.126290
0.126290
0.126290
0.252580
0.126295
0.126290
0.126290
0.126290
0.126290
0.225132
0.126295
0.126290
0.126290
0.252580
0.126295
0.252580
0.126295
0.130882
0.126290
0.126290
0.126290
0.126970
0.126290
0.252580
0.126295
0.126290
0.126290
0.126290
0.126290
0.225132
0.126295
0.126290
0.126290
0.126290
0.126290
0.126290
0.126290
0.126290
0.126290
0.130882
0.126290
0.130882
0.126290
0.126290
0.126290
0.126970
0.126290
0.252580
0.126295
0.225117
0.126295
0.126290
0.126290
0.252580
0.126295
0.126970
0.126290
0.126970
0.126290
0.410186
0.385763
0.252580
0.126295
0.252580
0.126295
0.126290
0.126290
0.126290
0.126290
0.130882
0.126290
0.391200
0.255285
0.439928
0.437270
0.385753
0.442102
0.126295
0.126290
0.284024
0.126290
0.376391
0.126290
0.284024
0.126290
0.376391
0.126290
0.284024
0.126290
0.126290
0.126290
0.126290
0.141506
0.188403
0.141818
0.128862
0.137716
0.138101
0.137716
0.126290
0.255612
0.367096
0.246693
1.000000
0.351372
0.331580
0.351372
0.126290
0.126318
0.126346
0.126318
0.126295
0.126313
0.126313
0.126313
