0.178806
0.172775
0.172775
0.172775
0.345549
0.172782
0.172775
0.172775
0.172775
0.172775
0.172775
0.172775
0.345550
0.172782
0.172775
0.172775
0.173708
0.172775
0.172775
0.172775
0.345549
0.172782
0.172775
0.172775
0.172775
0.172775
0.172775
0.172775
0.172775
0.172775
0.307988
0.172782
0.308755
0.172782
0.172775
0.172775
0.178065
0.172775
0.173708
0.172775
0.172775
0.172775
0.307990
0.172782
0.173708
0.172775
0.308755
0.172782
0.172775
0.172775
0.172775
0.172775
0.173708
0.172775
0.307989
0.172782
0.345550
0.172782
0.308755
0.172782
0.345550
0.172782
0.173708
0.172775
0.345550
0.172782
0.172775
0.172775
0.173708
0.172775
0.307949
0.172782
0.172775
0.172775
0.172775
0.172782
0.345550
0.172782
0.345550
0.172782
0.345550
0.172782
0.172775
0.172782
0.172775
0.172775
0.345550
0.172782
0.172775
0.172775
0.172775
0.172775
0.172775
0.172782
0.172775
0.172775
0.172775
0.172775
0.172775
0.172775
0.345550
0.172782
0.172775
0.172775
0.172775
0.172775
0.172775
0.172782
0.172775
0.172775
0.172775
0.172775
0.173708
0.172775
0.172775
0.172775
0.345550
0.172782
0.172775
0.172775
0.172775
0.172775
0.172775
0.172775
0.307976
0.172782
0.173708
0.172775
0.309964
0.172782
0.345550
0.172782
0.172775
0.172775
0.309473
0.172782
0.172775
0.172775
0.172775
0.172775
0.345550
0.172782
0.172775
0.172775
0.345550
0.172782
0.345550
0.172782
0.307976
0.172782
0.308755
0.172782
0.345550
0.172782
0.309474
0.172782
0.309965
0.172782
0.172775
0.172775
0.309965
0.172782
0.309465
0.172782
0.309465
0.172782
0.309474
0.172782
0.172775
0.172775
0.309465
0.172782
0.309965
0.172782
0.345550
0.172782
0.345550
0.172782
0.309474
0.172782
0.172804
0.172775
0.307896
0.172782
0.307882
0.172782
0.309474
0.172782
0.420625
0.172775
0.172775
0.172775
0.309929
0.172782
0.307882
0.172782
0.307894
0.172782
0.309474
0.172782
0.172775
0.172775
0.307894
0.172782
0.309929
0.172782
0.345550
0.172782
0.345550
0.172782
0.309474
0.172782
0.172775
0.172775
0.172775
0.172775
0.309929
0.172782
0.307882
0.172782
0.307894
0.172782
0.309474
0.172782
0.172775
0.172775
0.307894
0.172782
0.309929
0.172782
0.345550
0.172782
0.345550
0.172782
0.309474
0.172782
0.309929
0.172782
0.173705
0.172775
0.173705
0.172775
0.345550
0.172782
0.279046
0.172775
0.174435
0.172775
0.172775
0.172775
0.345550
0.172782
0.307894
0.172782
0.307882
0.172782
0.345550
0.172782
0.345550
0.172782
0.309929
0.172782
0.172775
0.172782
0.172775
0.172775
0.309930
0.172782
0.172775
0.172775
0.172775
0.172775
0.172775
0.172775
0.309966
0.172782
0.345550
0.172782
0.309930
0.172782
0.172775
0.172775
0.309965
0.172782
0.345550
0.172782
0.309475
0.172782
0.172775
0.172775
0.309930
0.172782
0.172775
0.172775
0.172775
0.172775
0.172775
0.172775
0.309965
0.172782
0.307888
0.172782
0.309929
0.172782
0.172775
0.172775
0.172775
0.172775
0.309966
0.172782
0.345550
0.172782
0.172777
0.172775
0.172776
0.172775
0.345550
0.172782
0.173705
0.172775
0.172775
0.172775
0.172775
0.172775
0.000000
0.172768
0.345550
0.172782
0.172775
0.172775
0.172775
0.172775
0.172775
0.172775
0.172775
0.172775
0.172775
0.172775
0.172775
0.172775
0.172775
0.172775
0.172775
0.172775
0.172775
0.172775
0.172775
0.172775
0.172775
0.172775
0.174174
0.172775
0.173705
0.172775
0.308755
0.172782
0.172776
0.172775
0.172775
0.172775
0.172775
0.172775
0.172775
0.172775
0.172775
0.172775
0.307999
0.172782
0.172775
0.172775
0.172776
0.172775
0.172776
0.172775
0.307978
0.172782
0.172775
0.172775
0.173916
0.172775
0.172775
0.172775
0.172782
0.172775
0.172775
0.172775
0.172775
0.172775
0.172775
0.172775
0.172776
0.172775
0.172775
0.172775
0.514934
0.172775
0.223722
0.172775
0.514934
0.172775
0.223719
0.172775
0.514934
0.172775
0.223719
0.172775
0.172775
0.172775
0.172775
0.172775
0.172775
0.172775
0.173705
0.172775
0.345550
0.172782
0.172775
0.172775
0.179057
0.172775
0.172775
0.172775
0.172775
0.172775
0.345550
0.172782
0.172775
0.172775
0.172775
0.172775
0.307999
0.172782
0.172775
0.172775
0.345550
0.172782
0.345550
0.172782
0.179057
0.172775
0.172775
0.172775
0.173705
0.172775
0.345550
0.172782
0.172775
0.172775
0.172775
0.172775
0.307999
0.172782
0.172775
0.172775
0.172775
0.172775
0.172775
0.172775
0.172775
0.172775
0.179057
0.172775
0.179057
0.172775
0.172775
0.172775
0.173705
0.172775
0.345550
0.172782
0.307978
0.172782
0.172775
0.172775
0.345550
0.172782
0.173705
0.172775
0.173706
0.172775
0.561168
0.527756
0.345550
0.172782
0.345550
0.172782
0.172775
0.172775
0.172775
0.172775
0.179057
0.172775
0.535193
0.349251
0.601857
0.598222
0.527742
0.604832
0.172781
0.172775
0.388568
0.172775
0.514934
0.172775
0.388568
0.172775
0.514934
0.172775
0.388568
0.172775
0.172775
0.172775
0.172775
0.215098
0.339676
0.214500
0.178310
0.204958
0.205460
0.204958
0.172775
0.269055
0.375983
0.274379
1.000000
0.338401
0.349248
0.338401
0.172775
0.172825
0.172873
0.172824
0.172782
0.172817
0.172817
0.172817
