0.140920
0.134422
0.134422
0.134422
0.268844
0.134428
0.134422
0.134422
0.134422
0.134422
0.134422
0.134422
0.268845
0.134428
0.134422
0.134422
0.135148
0.134422
0.134422
0.134422
0.268844
0.134428
0.134422
0.134422
0.134422
0.134422
0.134422
0.134422
0.134422
0.134422
0.239621
0.134428
0.240218
0.134428
0.134422
0.134422
0.138538
0.134422
0.135148
0.134422
0.134422
0.134422
0.239622
0.134428
0.135148
0.134422
0.240218
0.134428
0.134422
0.134422
0.134422
0.134422
0.135148
0.134422
0.239622
0.134428
0.268844
0.134428
0.240218
0.134428
0.268845
0.134428
0.135148
0.134422
0.268845
0.134428
0.134422
0.134422
0.135148
0.134422
0.239591
0.134428
0.134422
0.134422
0.134422
0.134428
0.268844
0.134428
0.268844
0.134428
0.268844
0.134428
0.134422
0.134428
0.134422
0.134422
0.268844
0.134428
0.134422
0.134422
0.134422
0.134422
0.134422
0.134428
0.134422
0.134422
0.134422
0.134422
0.134422
0.134422
0.268844
0.134428
0.134422
0.134422
0.134422
0.134422
0.134422
0.134428
0.134422
0.134422
0.134422
0.134422
0.135148
0.134422
0.134422
0.134422
0.268844
0.134428
0.134422
0.134422
0.134422
0.134422
0.134422
0.134422
0.239612
0.134428
0.135148
0.134422
0.241158
0.134428
0.268844
0.134428
0.134422
0.134422
0.240776
0.134428
0.134422
0.134422
0.134422
0.134422
0.268844
0.134428
0.134422
0.134422
0.268845
0.134428
0.268845
0.134428
0.239612
0.134428
0.240218
0.134428
0.268844
0.134428
0.240777
0.134428
0.241159
0.134428
0.134422
0.134422
0.241159
0.134428
0.240770
0.134428
0.240770
0.134428
0.240777
0.134428
0.134422
0.134422
0.240770
0.134428
0.241159
0.134428
0.268844
0.134428
0.268844
0.134428
0.240777
0.134428
0.134445
0.134422
0.239549
0.134428
0.239539
0.134428
0.240777
0.134428
0.327255
0.134422
0.134422
0.134422
0.241131
0.134428
0.239539
0.134428
0.239548
0.134428
0.240777
0.134428
0.134422
0.134422
0.239548
0.134428
0.241131
0.134428
0.268844
0.134428
0.268844
0.134428
0.240777
0.134428
0.134422
0.134422
0.134422
0.134422
0.241131
0.134428
0.239539
0.134428
0.239548
0.134428
0.240777
0.134428
0.134422
0.134422
0.239548
0.134428
0.241131
0.134428
0.268845
0.134428
0.268845
0.134428
0.240777
0.134428
0.241131
0.134428
0.135146
0.134422
0.135146
0.134422
0.268845
0.134428
0.217104
0.134422
0.135714
0.134422
0.134422
0.134422
0.268845
0.134428
0.239548
0.134428
0.239539
0.134428
0.268845
0.134428
0.268845
0.134428
0.241131
0.134428
0.134422
0.134428
0.134422
0.134422
0.241131
0.134428
0.134422
0.134422
0.134422
0.134422
0.134422
0.134422
0.241159
0.134428
0.268845
0.134428
0.241131
0.134428
0.134422
0.134422
0.241159
0.134428
0.268845
0.134428
0.240777
0.134428
0.134422
0.134422
0.241131
0.134428
0.134422
0.134422
0.134422
0.134422
0.134422
0.134422
0.241159
0.134428
0.239543
0.134428
0.241131
0.134428
0.134422
0.134422
0.134422
0.134422
0.241159
0.134428
0.268845
0.134428
0.134424
0.134422
0.134423
0.134422
0.268845
0.134428
0.135146
0.134422
0.134422
0.134422
0.134422
0.134422
0.000000
0.134417
0.268845
0.134428
0.134422
0.134422
0.134422
0.134422
0.134422
0.134422
0.134422
0.134422
0.134422
0.134422
0.134422
0.134422
0.134422
0.134422
0.134422
0.134422
0.134422
0.134422
0.134422
0.134422
0.134422
0.134422
0.135511
0.134422
0.135146
0.134422
0.240217
0.134428
0.134423
0.134422
0.134422
0.134422
0.134422
0.134422
0.134422
0.134422
0.134422
0.134422
0.239629
0.134428
0.134422
0.134422
0.134423
0.134422
0.134423
0.134422
0.239613
0.134428
0.134423
0.134422
0.135310
0.134422
0.134422
0.134422
0.134428
0.134422
0.134422
0.134422
0.134422
0.134422
0.134423
0.134422
0.134423
0.134422
0.134422
0.134422
0.400629
0.134422
0.174060
0.134422
0.400629
0.134422
0.174058
0.134422
0.400629
0.134422
0.174058
0.134422
0.134422
0.134422
0.134422
0.134422
0.134422
0.134422
0.135146
0.134422
0.268845
0.134428
0.134422
0.134422
0.139327
0.134422
0.134422
0.134422
0.134422
0.134422
0.268845
0.134428
0.134422
0.134422
0.134422
0.134422
0.239629
0.134428
0.134422
0.134422
0.268845
0.134428
0.268845
0.134428
0.139327
0.134422
0.134422
0.134422
0.135146
0.134422
0.268845
0.134428
0.134422
0.134422
0.134422
0.134422
0.239629
0.134428
0.134422
0.134422
0.134422
0.134422
0.134422
0.134422
0.134422
0.134422
0.139327
0.134422
0.139327
0.134422
0.134422
0.134422
0.135146
0.134422
0.268845
0.134428
0.239613
0.134428
0.134422
0.134422
0.268845
0.134428
0.135146
0.134422
0.135146
0.134422
0.436600
0.410605
0.268845
0.134428
0.268845
0.134428
0.134422
0.134422
0.134422
0.134422
0.139327
0.134422
0.416391
0.271724
0.468257
0.465428
0.410594
0.470571
0.134427
0.134422
0.302313
0.134422
0.400629
0.134422
0.302313
0.134422
0.400629
0.134422
0.302313
0.134422
0.134422
0.134422
0.134422
0.157666
0.243008
0.161569
0.139298
0.153392
0.152988
0.153392
0.134422
0.227210
0.268758
0.201590
1.000000
0.281434
0.267849
0.281434
0.134422
0.134455
0.134494
0.134458
0.134429
0.134451
0.134450
0.134451
