0.147546
0.142017
0.142017
0.142017
0.284033
0.142023
0.142017
0.142017
0.142017
0.142017
0.142017
0.142017
0.284033
0.142023
0.142017
0.142017
0.142784
0.142017
0.142017
0.142017
0.284033
0.142023
0.142017
0.142017
0.142017
0.142017
0.142017
0.142017
0.142017
0.142017
0.253159
0.142023
0.253789
0.142023
0.142017
0.142017
0.146365
0.142017
0.142784
0.142017
0.142017
0.142017
0.253160
0.142023
0.142784
0.142017
0.253789
0.142023
0.142017
0.142017
0.142017
0.142017
0.142784
0.142017
0.253159
0.142023
0.284033
0.142023
0.253789
0.142023
0.284033
0.142023
0.142784
0.142017
0.284033
0.142023
0.142017
0.142017
0.142784
0.142017
0.253127
0.142023
0.142017
0.142017
0.142017
0.142023
0.284033
0.142023
0.284033
0.142023
0.284033
0.142023
0.142017
0.142023
0.142017
0.142017
0.284033
0.142023
0.142017
0.142017
0.142017
0.142017
0.142017
0.142023
0.142017
0.142017
0.142017
0.142017
0.142017
0.142017
0.284033
0.142023
0.142017
0.142017
0.142017
0.142017
0.142017
0.142023
0.142017
0.142017
0.142017
0.142017
0.142784
0.142017
0.142017
0.142017
0.284033
0.142023
0.142017
0.142017
0.142017
0.142017
0.142017
0.142017
0.253149
0.142023
0.142784
0.142017
0.254783
0.142023
0.284033
0.142023
0.142017
0.142017
0.254379
0.142023
0.142017
0.142017
0.142017
0.142017
0.284033
0.142023
0.142017
0.142017
0.284033
0.142023
0.284033
0.142023
0.253149
0.142023
0.253789
0.142023
0.284033
0.142023
0.254380
0.142023
0.254784
0.142023
0.142017
0.142017
0.254783
0.142023
0.254373
0.142023
0.254373
0.142023
0.254380
0.142023
0.142017
0.142017
0.254373
0.142023
0.254783
0.142023
0.284033
0.142023
0.284033
0.142023
0.254380
0.142023
0.142041
0.142017
0.253083
0.142023
0.253072
0.142023
0.254380
0.142023
0.345743
0.142017
0.142017
0.142017
0.254754
0.142023
0.253072
0.142023
0.253081
0.142023
0.254380
0.142023
0.142017
0.142017
0.253081
0.142023
0.254754
0.142023
0.284033
0.142023
0.284033
0.142023
0.254380
0.142023
0.142017
0.142017
0.142017
0.142017
0.254754
0.142023
0.253072
0.142023
0.253081
0.142023
0.254380
0.142023
0.142017
0.142017
0.253081
0.142023
0.254754
0.142023
0.284033
0.142023
0.284033
0.142023
0.254380
0.142023
0.254754
0.142023
0.142781
0.142017
0.142781
0.142017
0.284033
0.142023
0.229369
0.142017
0.143381
0.142017
0.142017
0.142017
0.284033
0.142023
0.253081
0.142023
0.253072
0.142023
0.284033
0.142023
0.284033
0.142023
0.254754
0.142023
0.142017
0.142023
0.142017
0.142017
0.254754
0.142023
0.142017
0.142017
0.142017
0.142017
0.142017
0.142017
0.254784
0.142023
0.284033
0.142023
0.254754
0.142023
0.142017
0.142017
0.254784
0.142023
0.284033
0.142023
0.254380
0.142023
0.142017
0.142017
0.254754
0.142023
0.142017
0.142017
0.142017
0.142017
0.142017
0.142017
0.254784
0.142023
0.253077
0.142023
0.254754
0.142023
0.142017
0.142017
0.142017
0.142017
0.254784
0.142023
0.284033
0.142023
0.142018
0.142017
0.142017
0.142017
0.284033
0.142023
0.142781
0.142017
0.142017
0.142017
0.142017
0.142017
0.000000
0.142011
0.284033
0.142023
0.142017
0.142017
0.142017
0.142017
0.142017
0.142017
0.142017
0.142017
0.142017
0.142017
0.142017
0.142017
0.142017
0.142017
0.142017
0.142017
0.142017
0.142017
0.142017
0.142017
0.142017
0.142017
0.143167
0.142017
0.142781
0.142017
0.253789
0.142023
0.142017
0.142017
0.142017
0.142017
0.142017
0.142017
0.142017
0.142017
0.142017
0.142017
0.253167
0.142023
0.142017
0.142017
0.142017
0.142017
0.142017
0.142017
0.253150
0.142023
0.142017
0.142017
0.142955
0.142017
0.142017
0.142017
0.142023
0.142017
0.142017
0.142017
0.142017
0.142017
0.142017
0.142017
0.142017
0.142017
0.142017
0.142017
0.423263
0.142017
0.183894
0.142017
0.423263
0.142017
0.183891
0.142017
0.423263
0.142017
0.183891
0.142017
0.142017
0.142017
0.142017
0.142017
0.142017
0.142017
0.142781
0.142017
0.284033
0.142023
0.142017
0.142017
0.147181
0.142017
0.142017
0.142017
0.142017
0.142017
0.284033
0.142023
0.142017
0.142017
0.142017
0.142017
0.253167
0.142023
0.142017
0.142017
0.284033
0.142023
0.284033
0.142023
0.147181
0.142017
0.142017
0.142017
0.142781
0.142017
0.284033
0.142023
0.142017
0.142017
0.142017
0.142017
0.253167
0.142023
0.142017
0.142017
0.142017
0.142017
0.142017
0.142017
0.142017
0.142017
0.147181
0.142017
0.147181
0.142017
0.142017
0.142017
0.142781
0.142017
0.284033
0.142023
0.253150
0.142023
0.142017
0.142017
0.284033
0.142023
0.142781
0.142017
0.142782
0.142017
0.461266
0.433802
0.284033
0.142023
0.284033
0.142023
0.142017
0.142017
0.142017
0.142017
0.147181
0.142017
0.439915
0.287076
0.494712
0.491723
0.433791
0.497157
0.142022
0.142017
0.319393
0.142017
0.423263
0.142017
0.319393
0.142017
0.423263
0.142017
0.319393
0.142017
0.142017
0.142017
0.142017
0.154384
0.187907
0.153489
0.143755
0.150534
0.150749
0.150534
0.142017
0.363745
0.653934
0.397975
1.000000
0.554984
0.544103
0.554984
0.142017
0.142045
0.142070
0.142043
0.142021
0.142038
0.142039
0.142038
