0.353499
0.350218
0.350218
0.350218
0.350218
0.350218
0.193037
0.350225
0.350218
0.350218
0.033962
0.350222
0.350218
0.350218
0.033962
0.350222
0.036458
0.350222
0.033962
0.350222
0.350218
0.350218
0.192746
0.350225
0.332938
0.350225
0.193042
0.350225
0.350218
0.350218
0.193038
0.350225
0.036458
0.350222
0.192745
0.350225
0.332938
0.350225
0.350218
0.350218
0.350218
0.350218
0.193038
0.350225
0.033962
0.350222
0.350218
0.350218
0.350218
0.350218
0.192747
0.350225
0.193042
0.350225
0.192746
0.350225
0.350218
0.350218
0.193042
0.350225
0.332938
0.350225
0.350218
0.350218
0.332938
0.350225
0.033962
0.350222
0.193038
0.350225
0.192706
0.350225
0.350218
0.350225
0.332938
0.350225
0.350218
0.350218
0.193480
0.350225
0.350218
0.350218
0.350218
0.350218
0.350218
0.350218
0.350218
0.350218
0.350218
0.350218
0.193480
0.350225
0.350218
0.350218
0.192648
0.350225
0.350218
0.350225
0.332938
0.350225
0.350218
0.350225
0.350217
0.350225
0.350218
0.350218
0.193037
0.350225
0.350218
0.350218
0.033962
0.350222
0.350218
0.350218
0.033962
0.350222
0.351895
0.350218
0.033962
0.350222
0.332938
0.350225
0.332938
0.350225
0.193404
0.350225
0.350218
0.350218
0.350218
0.350218
0.350218
0.350218
0.350218
0.350218
0.457585
0.350218
0.192733
0.350225
0.193042
0.350225
0.193404
0.350225
0.193509
0.350225
0.350218
0.350218
0.350218
0.350218
0.332938
0.350225
0.332938
0.350225
0.350218
0.350218
0.350218
0.350218
0.350218
0.350218
0.193509
0.350225
0.350218
0.350218
0.033958
0.350222
0.332938
0.350225
0.332938
0.350225
0.193510
0.350225
0.350218
0.350218
0.350218
0.350218
0.192648
0.350225
0.350218
0.350218
0.332938
0.350225
0.192636
0.350225
0.193403
0.350225
0.332938
0.350225
0.033959
0.350222
0.332938
0.350225
0.350218
0.350218
0.350218
0.350218
0.193484
0.350225
0.350218
0.350218
0.033964
0.350222
0.332938
0.350225
0.033959
0.350222
0.332938
0.350225
0.350218
0.350218
0.350218
0.350218
0.193484
0.350225
0.350218
0.350218
0.193484
0.350225
0.036458
0.350222
0.192636
0.350225
0.332938
0.350225
0.193491
0.350225
0.332938
0.350225
0.350218
0.350218
0.332938
0.350225
0.332938
0.350225
0.332938
0.350225
0.332938
0.350225
0.332938
0.350225
0.193509
0.350225
0.193509
0.350225
0.033958
0.350222
0.332938
0.350225
0.350219
0.350232
0.193510
0.350225
0.350218
0.350218
0.350218
0.350218
0.350218
0.350218
0.350218
0.350218
0.350218
0.350218
0.192637
0.350225
0.193403
0.350225
0.489779
0.489779
0.489779
0.489779
0.353975
0.353975
0.350218
0.353960
0.350232
0.350232
0.350218
0.353960
0.350232
0.350218
0.350218
0.353960
0.489779
0.489779
0.489779
0.489779
0.350232
0.350218
0.350218
0.350203
0.350232
0.350218
0.350218
0.353960
0.708846
0.786731
0.350371
0.350218
0.527499
0.527499
0.527499
0.527499
0.350218
0.350218
0.350218
0.350218
0.350218
0.350218
0.350218
0.350218
0.350218
0.350218
0.036459
0.350222
0.350218
0.350218
0.350218
0.350218
0.350217
0.350218
0.350218
0.350218
0.350218
0.350218
0.350218
0.350218
0.350218
0.350218
0.350218
0.350218
0.350218
0.350218
0.350218
0.350218
0.350218
0.350218
0.350218
0.350218
0.350218
0.350218
0.350218
0.350218
0.350217
0.350218
0.350218
0.350218
0.350218
0.350218
0.192754
0.350225
0.350218
0.350218
0.350218
0.350218
0.037419
0.350222
0.033959
0.350222
0.350218
0.350218
0.192735
0.350225
0.350218
0.350218
0.355002
0.350218
0.350218
0.350218
0.350225
0.350218
0.350218
0.350218
0.350218
0.350218
0.350218
0.350218
0.350218
0.350218
0.350218
0.350218
0.695882
0.350218
0.409964
0.350218
0.695887
0.350218
0.525725
0.350218
0.695887
0.350218
0.525725
0.350218
0.350218
0.350218
0.350218
0.350218
0.350218
0.350218
0.036460
0.350222
0.555380
0.000000
0.037419
0.350222
0.193038
0.350225
0.033959
0.350222
0.555380
0.000000
0.037419
0.350222
0.350218
0.350218
0.033959
0.350222
0.332938
0.350225
0.350218
0.350218
0.350218
0.350218
0.332938
0.350225
0.192713
0.350225
0.350218
0.350218
0.332938
0.350225
0.332938
0.350225
0.555380
0.000000
0.350218
0.350218
0.555380
0.000000
0.332938
0.350225
0.037419
0.350222
0.350218
0.350218
0.350218
0.350218
0.332938
0.350225
0.350218
0.350218
0.350218
0.350218
0.192748
0.350225
0.192747
0.350225
0.555380
0