0.299464
0.299064
0.299064
0.299064
0.299064
0.299064
0.164842
0.299070
0.299064
0.299064
0.029002
0.299068
0.299064
0.299064
0.029002
0.299068
0.031133
0.299068
0.029002
0.299068
0.299064
0.299064
0.164593
0.299070
0.284308
0.299070
0.164845
0.299070
0.299064
0.299064
0.164842
0.299070
0.031133
0.299068
0.164592
0.299070
0.284308
0.299070
0.299064
0.299064
0.299064
0.299064
0.164842
0.299070
0.029002
0.299068
0.299064
0.299064
0.299064
0.299064
0.164593
0.299070
0.164845
0.299070
0.164593
0.299070
0.299064
0.299064
0.164845
0.299070
0.284308
0.299070
0.299064
0.299064
0.284308
0.299070
0.029002
0.299068
0.164842
0.299070
0.164558
0.299070
0.299064
0.299070
0.284308
0.299070
0.299064
0.299064
0.165219
0.299070
0.299064
0.299064
0.299064
0.299064
0.299064
0.299064
0.299064
0.299064
0.299064
0.299064
0.165220
0.299070
0.299064
0.299064
0.164509
0.299070
0.299064
0.299070
0.284308
0.299070
0.299064
0.299070
0.299064
0.299070
0.299064
0.299064
0.164842
0.299070
0.299064
0.299064
0.029002
0.299068
0.299064
0.299064
0.029002
0.299068
0.300496
0.299064
0.029002
0.299068
0.284308
0.299070
0.284308
0.299070
0.165154
0.299070
0.299064
0.299064
0.299064
0.299064
0.299064
0.299064
0.299064
0.299064
0.390749
0.299064
0.164582
0.299070
0.164845
0.299070
0.165154
0.299070
0.165245
0.299070
0.299064
0.299064
0.299064
0.299064
0.284308
0.299070
0.284308
0.299070
0.299064
0.299064
0.299064
0.299064
0.299064
0.299064
0.165245
0.299070
0.299064
0.299064
0.028998
0.299068
0.284308
0.299070
0.284308
0.299070
0.165245
0.299070
0.299064
0.299064
0.299064
0.299064
0.164509
0.299070
0.299064
0.299064
0.284308
0.299070
0.164499
0.299070
0.165154
0.299070
0.284308
0.299070
0.028998
0.299068
0.284308
0.299070
0.299064
0.299064
0.299064
0.299064
0.165223
0.299070
0.299064
0.299064
0.029003
0.299068
0.284308
0.299070
0.028998
0.299068
0.284308
0.299070
0.299064
0.299064
0.299064
0.299064
0.165223
0.299070
0.299064
0.299064
0.165223
0.299070
0.031133
0.299068
0.164499
0.299070
0.284308
0.299070
0.165229
0.299070
0.284308
0.299070
0.299064
0.299064
0.284308
0.299070
0.284308
0.299070
0.284308
0.299070
0.284308
0.299070
0.284308
0.299070
0.165245
0.299070
0.165244
0.299070
0.028998
0.299068
0.284308
0.299070
0.299065
0.299076
0.165245
0.299070
0.299064
0.299064
0.299064
0.299064
0.299064
0.299064
0.299064
0.299064
0.299064
0.299064
0.164500
0.299070
0.165154
0.299070
0.418240
0.418240
0.418240
0.418240
0.302272
0.302272
0.299064
0.302259
0.299076
0.299076
0.299064
0.302259
0.299076
0.299064
0.299064
0.302259
0.418240
0.418240
0.418240
0.418240
0.299076
0.299064
0.299064
0.299051
0.299076
0.299064
0.299064
0.302259
0.605310
0.671818
0.299195
0.299064
0.450450
0.450450
0.450450
0.450450
0.299064
0.299064
0.299064
0.299064
0.299064
0.299064
0.299064
0.299064
0.299064
0.299064
0.031133
0.299068
0.299064
0.299064
0.299064
0.299064
0.299064
0.299064
0.299064
0.299064
0.299064
0.299064
0.299064
0.299064
0.299064
0.299064
0.299064
0.299064
0.299064
0.299064
0.299064
0.299064
0.299064
0.299064
0.299064
0.299064
0.299064
0.299064
0.299064
0.299064
0.299064
0.299064
0.299064
0.299064
0.299064
0.299064
0.164600
0.299070
0.299064
0.299064
0.299064
0.299064
0.031136
0.299068
0.028998
0.299068
0.299064
0.299064
0.164583
0.299070
0.299064
0.299064
0.303150
0.299064
0.299064
0.299064
0.299070
0.299064
0.299064
0.299064
0.299064
0.299064
0.299064
0.299064
0.299064
0.299064
0.299064
0.299064
0.594239
0.299064
0.350083
0.299064
0.594243
0.299064
0.448936
0.299064
0.594243
0.299064
0.448936
0.299064
0.299064
0.299064
0.299064
0.299064
0.299064
0.299064
0.031134
0.299068
0.474259
0.000000
0.031136
0.299068
0.164842
0.299070
0.028998
0.299068
0.474259
0.000000
0.031136
0.299068
0.299064
0.299064
0.028998
0.299068
0.284308
0.299070
0.299064
0.299064
0.299064
0.299064
0.284308
0.299070
0.164565
0.299070
0.299064
0.299064
0.284308
0.299070
0.284308
0.299070
0.474259
0.000000
0.299064
0.299064
0.474259
0.000000
0.284308
0.299070
0.031136
0.299068
0.299064
0.299064
0.299064
0.299064
0.284308
0.299070
0.299064
0.299064
0.299064
0.299064
0.164594
0.299070
0.164594
0.299070
0.474259
0