0.182225
0.171408
0.171408
0.171408
0.342816
0.171415
0.171408
0.171408
0.171408
0.171408
0.171408
0.171408
0.342816
0.171415
0.171408
0.171408
0.172334
0.171408
0.171408
0.171408
0.342816
0.171415
0.171408
0.171408
0.171408
0.171408
0.171408
0.171408
0.171408
0.171408
0.305552
0.171415
0.306313
0.171415
0.171408
0.171408
0.176657
0.171408
0.172334
0.171408
0.171408
0.171408
0.305554
0.171415
0.172334
0.171408
0.306313
0.171415
0.171408
0.171408
0.171408
0.171408
0.172334
0.171408
0.305553
0.171415
0.342816
0.171415
0.306313
0.171415
0.342817
0.171415
0.172334
0.171408
0.342817
0.171415
0.171408
0.171408
0.172334
0.171408
0.305513
0.171415
0.171408
0.171408
0.171408
0.171415
0.342816
0.171415
0.342816
0.171415
0.342816
0.171415
0.171408
0.171415
0.171408
0.171408
0.342816
0.171415
0.171408
0.171408
0.171408
0.171408
0.171408
0.171415
0.171408
0.171408
0.171408
0.171408
0.171408
0.171408
0.342816
0.171415
0.171408
0.171408
0.171408
0.171408
0.171408
0.171415
0.171408
0.171408
0.171408
0.171408
0.172334
0.171408
0.171408
0.171408
0.342816
0.171415
0.171408
0.171408
0.171408
0.171408
0.171408
0.171408
0.305540
0.171415
0.172334
0.171408
0.307513
0.171415
0.342816
0.171415
0.171408
0.171408
0.307025
0.171415
0.171408
0.171408
0.171408
0.171408
0.342816
0.171415
0.171408
0.171408
0.342817
0.171415
0.342817
0.171415
0.305540
0.171415
0.306313
0.171415
0.342816
0.171415
0.307026
0.171415
0.307514
0.171415
0.171408
0.171408
0.307513
0.171415
0.307017
0.171415
0.307017
0.171415
0.307026
0.171415
0.171408
0.171408
0.307017
0.171415
0.307513
0.171415
0.342816
0.171415
0.342816
0.171415
0.307026
0.171415
0.171438
0.171408
0.305460
0.171415
0.305447
0.171415
0.307026
0.171415
0.417298
0.171408
0.171408
0.171408
0.307478
0.171415
0.305447
0.171415
0.305459
0.171415
0.307026
0.171415
0.171408
0.171408
0.305459
0.171415
0.307478
0.171415
0.342816
0.171415
0.342816
0.171415
0.307026
0.171415
0.171408
0.171408
0.171408
0.171408
0.307478
0.171415
0.305447
0.171415
0.305459
0.171415
0.307026
0.171415
0.171408
0.171408
0.305459
0.171415
0.307478
0.171415
0.342816
0.171415
0.342816
0.171415
0.307026
0.171415
0.307478
0.171415
0.172331
0.171408
0.172331
0.171408
0.342816
0.171415
0.276839
0.171408
0.173056
0.171408
0.171408
0.171408
0.342816
0.171415
0.305459
0.171415
0.305447
0.171415
0.342816
0.171415
0.342816
0.171415
0.307478
0.171415
0.171408
0.171415
0.171408
0.171408
0.307478
0.171415
0.171408
0.171408
0.171408
0.171408
0.171408
0.171408
0.307514
0.171415
0.342816
0.171415
0.307478
0.171415
0.171408
0.171408
0.307514
0.171415
0.342816
0.171415
0.307027
0.171415
0.171408
0.171408
0.307478
0.171415
0.171408
0.171408
0.171408
0.171408
0.171408
0.171408
0.307514
0.171415
0.305453
0.171415
0.307478
0.171415
0.171408
0.171408
0.171408
0.171408
0.307514
0.171415
0.342816
0.171415
0.171410
0.171408
0.171409
0.171408
0.342816
0.171415
0.172331
0.171408
0.171408
0.171408
0.171408
0.171408
0.000000
0.171401
0.342816
0.171415
0.171408
0.171408
0.171408
0.171408
0.171408
0.171408
0.171408
0.171408
0.171408
0.171408
0.171408
0.171408
0.171408
0.171408
0.171408
0.171408
0.171408
0.171408
0.171408
0.171408
0.171408
0.171408
0.172796
0.171408
0.172331
0.171408
0.306312
0.171415
0.171409
0.171408
0.171408
0.171408
0.171408
0.171408
0.171408
0.171408
0.171408
0.171408
0.305563
0.171415
0.171408
0.171408
0.171409
0.171408
0.171409
0.171408
0.305542
0.171415
0.171409
0.171408
0.172541
0.171408
0.171408
0.171408
0.171416
0.171408
0.171408
0.171408
0.171408
0.171408
0.171409
0.171408
0.171409
0.171408
0.171408
0.171408
0.510861
0.171408
0.221953
0.171408
0.510861
0.171408
0.221949
0.171408
0.510861
0.171408
0.221949
0.171408
0.171408
0.171408
0.171408
0.171408
0.171408
0.171408
0.172331
0.171408
0.342817
0.171415
0.171408
0.171408
0.177686
0.171408
0.171408
0.171408
0.171408
0.171408
0.342817
0.171415
0.171408
0.171408
0.171408
0.171408
0.305563
0.171415
0.171408
0.171408
0.342817
0.171415
0.342817
0.171415
0.177686
0.171408
0.171408
0.171408
0.172331
0.171408
0.342817
0.171415
0.171408
0.171408
0.171408
0.171408
0.305563
0.171415
0.171408
0.171408
0.171408
0.171408
0.171408
0.171408
0.171408
0.171408
0.177686
0.171408
0.177686
0.171408
0.171408
0.171408
0.172331
0.171408
0.342817
0.171415
0.305542
0.171415
0.171408
0.171408
0.342817
0.171415
0.172331
0.171408
0.172332
0.171408
0.556729
0.523581
0.342817
0.171415
0.342817
0.171415
0.171408
0.171408
0.171408
0.171408
0.177686
0.171408
0.530960
0.346489
0.597097
0.593490
0.523567
0.600048
0.171415
0.171408
0.385494
0.171408
0.510861
0.171408
0.385494
0.171408
0.510861
0.171408
0.385494
0.171408
0.171408
0.171408
0.171408
0.193347
0.258992
0.193304
0.174290
0.186103
0.189938
0.186103
0.171408
0.337518
0.503586
0.337497
1.000000
0.522969
0.384497
0.522969
0.171408
0.171449
0.171489
0.171448
0.171414
0.171439
0.171444
0.171439
