0.198207
0.193784
0.193784
0.193784
0.387567
0.193792
0.193784
0.193784
0.193784
0.193784
0.193784
0.193784
0.387567
0.193792
0.193784
0.193784
0.194830
0.193784
0.193784
0.193784
0.387567
0.193792
0.193784
0.193784
0.193784
0.193784
0.193784
0.193784
0.193784
0.193784
0.345439
0.193792
0.346299
0.193792
0.193784
0.193784
0.199717
0.193784
0.194830
0.193784
0.193784
0.193784
0.345440
0.193792
0.194830
0.193784
0.346299
0.193792
0.193784
0.193784
0.193784
0.193784
0.194830
0.193784
0.345439
0.193792
0.387567
0.193792
0.346299
0.193792
0.387567
0.193792
0.194830
0.193784
0.387567
0.193792
0.193784
0.193784
0.194830
0.193784
0.345395
0.193792
0.193784
0.193784
0.193784
0.193792
0.387567
0.193792
0.387567
0.193792
0.387567
0.193792
0.193784
0.193792
0.193784
0.193784
0.387567
0.193792
0.193784
0.193784
0.193784
0.193784
0.193784
0.193792
0.193784
0.193784
0.193784
0.193784
0.193784
0.193784
0.387567
0.193792
0.193784
0.193784
0.193784
0.193784
0.193784
0.193792
0.193784
0.193784
0.193784
0.193784
0.194830
0.193784
0.193784
0.193784
0.387567
0.193792
0.193784
0.193784
0.193784
0.193784
0.193784
0.193784
0.345425
0.193792
0.194830
0.193784
0.347655
0.193792
0.387567
0.193792
0.193784
0.193784
0.347103
0.193792
0.193784
0.193784
0.193784
0.193784
0.387567
0.193792
0.193784
0.193784
0.387567
0.193792
0.387567
0.193792
0.345425
0.193792
0.346299
0.193792
0.387567
0.193792
0.347105
0.193792
0.347656
0.193792
0.193784
0.193784
0.347655
0.193792
0.347095
0.193792
0.347095
0.193792
0.347105
0.193792
0.193784
0.193784
0.347095
0.193792
0.347655
0.193792
0.387567
0.193792
0.387567
0.193792
0.347105
0.193792
0.193817
0.193784
0.345334
0.193792
0.345320
0.193792
0.347105
0.193792
0.471771
0.193784
0.193784
0.193784
0.347615
0.193792
0.345319
0.193792
0.345333
0.193792
0.347105
0.193792
0.193784
0.193784
0.345333
0.193792
0.347615
0.193792
0.387567
0.193792
0.387567
0.193792
0.347105
0.193792
0.193784
0.193784
0.193784
0.193784
0.347615
0.193792
0.345319
0.193792
0.345333
0.193792
0.347105
0.193792
0.193784
0.193784
0.345333
0.193792
0.347615
0.193792
0.387567
0.193792
0.387567
0.193792
0.347105
0.193792
0.347616
0.193792
0.194827
0.193784
0.194826
0.193784
0.387567
0.193792
0.312977
0.193784
0.195646
0.193784
0.193784
0.193784
0.387567
0.193792
0.345333
0.193792
0.345319
0.193792
0.387567
0.193792
0.387567
0.193792
0.347616
0.193792
0.193784
0.193792
0.193784
0.193784
0.347616
0.193792
0.193784
0.193784
0.193784
0.193784
0.193784
0.193784
0.347656
0.193792
0.387567
0.193792
0.347616
0.193792
0.193784
0.193784
0.347656
0.193792
0.387567
0.193792
0.347105
0.193792
0.193784
0.193784
0.347616
0.193792
0.193784
0.193784
0.193784
0.193784
0.193784
0.193784
0.347656
0.193792
0.345326
0.193792
0.347615
0.193792
0.193784
0.193784
0.193784
0.193784
0.347656
0.193792
0.387567
0.193792
0.193786
0.193784
0.193785
0.193784
0.387567
0.193792
0.194827
0.193784
0.193784
0.193784
0.193784
0.193784
0.000000
0.193775
0.387567
0.193792
0.193784
0.193784
0.193784
0.193784
0.193784
0.193784
0.193784
0.193784
0.193784
0.193784
0.193784
0.193784
0.193784
0.193784
0.193784
0.193784
0.193784
0.193784
0.193784
0.193784
0.193784
0.193784
0.195353
0.193784
0.194827
0.193784
0.346298
0.193792
0.193785
0.193784
0.193784
0.193784
0.193784
0.193784
0.193784
0.193784
0.193784
0.193784
0.345450
0.193792
0.193784
0.193784
0.193785
0.193784
0.193785
0.193784
0.345427
0.193792
0.193784
0.193784
0.195064
0.193784
0.193784
0.193784
0.193792
0.193784
0.193784
0.193784
0.193784
0.193784
0.193784
0.193784
0.193785
0.193784
0.193784
0.193784
0.577548
0.193784
0.250926
0.193784
0.577548
0.193784
0.250922
0.193784
0.577548
0.193784
0.250922
0.193784
0.193784
0.193784
0.193784
0.193784
0.193784
0.193784
0.194827
0.193784
0.387567
0.193792
0.193784
0.193784
0.200814
0.193784
0.193784
0.193784
0.193784
0.193784
0.387567
0.193792
0.193784
0.193784
0.193784
0.193784
0.345450
0.193792
0.193784
0.193784
0.387567
0.193792
0.387567
0.193792
0.200814
0.193784
0.193784
0.193784
0.194827
0.193784
0.387567
0.193792
0.193784
0.193784
0.193784
0.193784
0.345450
0.193792
0.193784
0.193784
0.193784
0.193784
0.193784
0.193784
0.193784
0.193784
0.200814
0.193784
0.200814
0.193784
0.193784
0.193784
0.194827
0.193784
0.387567
0.193792
0.345427
0.193792
0.193784
0.193784
0.387567
0.193792
0.194827
0.193784
0.194827
0.193784
0.629403
0.591929
0.387567
0.193792
0.387567
0.193792
0.193784
0.193784
0.193784
0.193784
0.200814
0.193784
0.600270
0.391719
0.675040
0.670963
0.591913
0.678377
0.193791
0.193784
0.435816
0.193784
0.577548
0.193784
0.435816
0.193784
0.577547
0.193784
0.435816
0.193784
0.193784
0.193784
0.193784
0.239173
0.371591
0.238235
0.201145
0.227763
0.228878
0.227763
0.193784
0.322407
0.453368
0.323576
1.000000
0.421224
0.409243
0.421224
0.193784
0.193833
0.193882
0.193833
0.193792
0.193824
0.193825
0.193824
