0.158540
0.156439
0.156439
0.156439
0.312879
0.156446
0.156439
0.156439
0.156439
0.156439
0.156439
0.156439
0.312879
0.156446
0.156439
0.156439
0.157285
0.156439
0.156439
0.156439
0.312879
0.156446
0.156439
0.156439
0.156439
0.156439
0.156439
0.156439
0.156439
0.156439
0.278869
0.156446
0.279563
0.156446
0.156439
0.156439
0.161230
0.156439
0.157285
0.156439
0.156439
0.156439
0.278870
0.156446
0.157285
0.156439
0.279563
0.156446
0.156439
0.156439
0.156439
0.156439
0.157285
0.156439
0.278869
0.156446
0.312879
0.156446
0.279563
0.156446
0.312879
0.156446
0.157285
0.156439
0.312879
0.156446
0.156439
0.156439
0.157285
0.156439
0.278833
0.156446
0.156439
0.156439
0.156439
0.156446
0.312879
0.156446
0.312879
0.156446
0.312879
0.156446
0.156439
0.156446
0.156439
0.156439
0.312879
0.156446
0.156439
0.156439
0.156439
0.156439
0.156439
0.156446
0.156439
0.156439
0.156439
0.156439
0.156439
0.156439
0.312879
0.156446
0.156439
0.156439
0.156439
0.156439
0.156439
0.156446
0.156439
0.156439
0.156439
0.156439
0.157285
0.156439
0.156439
0.156439
0.312879
0.156446
0.156439
0.156439
0.156439
0.156439
0.156439
0.156439
0.278858
0.156446
0.157285
0.156439
0.280658
0.156446
0.312879
0.156446
0.156439
0.156439
0.280213
0.156446
0.156439
0.156439
0.156439
0.156439
0.312879
0.156446
0.156439
0.156439
0.312879
0.156446
0.312879
0.156446
0.278858
0.156446
0.279563
0.156446
0.312879
0.156446
0.280214
0.156446
0.280659
0.156446
0.156439
0.156439
0.280658
0.156446
0.280206
0.156446
0.280206
0.156446
0.280214
0.156446
0.156439
0.156439
0.280206
0.156446
0.280658
0.156446
0.312879
0.156446
0.312879
0.156446
0.280214
0.156446
0.156466
0.156439
0.278785
0.156446
0.278773
0.156446
0.280214
0.156446
0.380856
0.156439
0.156440
0.156439
0.280626
0.156446
0.278773
0.156446
0.278784
0.156446
0.280214
0.156446
0.156440
0.156439
0.278784
0.156446
0.280626
0.156446
0.312879
0.156446
0.312879
0.156446
0.280214
0.156446
0.156439
0.156439
0.156439
0.156439
0.280626
0.156446
0.278773
0.156446
0.278784
0.156446
0.280214
0.156446
0.156439
0.156439
0.278784
0.156446
0.280626
0.156446
0.312879
0.156446
0.312879
0.156446
0.280214
0.156446
0.280626
0.156446
0.157282
0.156439
0.157281
0.156439
0.312879
0.156446
0.252663
0.156439
0.157943
0.156439
0.156439
0.156439
0.312879
0.156446
0.278784
0.156446
0.278773
0.156446
0.312879
0.156446
0.312879
0.156446
0.280626
0.156446
0.156439
0.156446
0.156439
0.156439
0.280626
0.156446
0.156439
0.156439
0.156439
0.156439
0.156439
0.156439
0.280659
0.156446
0.312879
0.156446
0.280626
0.156446
0.156439
0.156439
0.280659
0.156446
0.312879
0.156446
0.280215
0.156446
0.156439
0.156439
0.280626
0.156446
0.156439
0.156439
0.156439
0.156439
0.156439
0.156439
0.280659
0.156446
0.278778
0.156446
0.280626
0.156446
0.156440
0.156439
0.156439
0.156439
0.280659
0.156446
0.312879
0.156446
0.156441
0.156439
0.156440
0.156439
0.312879
0.156446
0.157282
0.156439
0.156439
0.156439
0.156439
0.156439
0.000000
0.156433
0.312879
0.156446
0.156439
0.156439
0.156439
0.156439
0.156439
0.156439
0.156439
0.156439
0.156439
0.156439
0.156439
0.156439
0.156439
0.156439
0.156439
0.156439
0.156439
0.156439
0.156439
0.156439
0.156439
0.156439
0.157706
0.156439
0.157282
0.156439
0.279563
0.156446
0.156440
0.156439
0.156439
0.156439
0.156439
0.156439
0.156439
0.156439
0.156439
0.156439
0.278878
0.156446
0.156439
0.156439
0.156440
0.156439
0.156440
0.156439
0.278859
0.156446
0.156440
0.156439
0.157473
0.156439
0.156439
0.156439
0.156446
0.156440
0.156440
0.156439
0.156439
0.156439
0.156440
0.156439
0.156440
0.156439
0.156439
0.156439
0.466248
0.156439
0.202570
0.156439
0.466248
0.156439
0.202567
0.156439
0.466248
0.156439
0.202567
0.156439
0.156439
0.156439
0.156439
0.156439
0.156439
0.156439
0.157282
0.156439
0.312879
0.156446
0.156439
0.156439
0.162095
0.156439
0.156439
0.156439
0.156439
0.156439
0.312879
0.156446
0.156439
0.156439
0.156439
0.156439
0.278878
0.156446
0.156439
0.156439
0.312879
0.156446
0.312879
0.156446
0.162095
0.156439
0.156439
0.156439
0.157282
0.156439
0.312879
0.156446
0.156439
0.156439
0.156439
0.156439
0.278878
0.156446
0.156439
0.156439
0.156439
0.156439
0.156439
0.156439
0.156439
0.156439
0.162095
0.156439
0.162095
0.156439
0.156439
0.156439
0.157282
0.156439
0.312879
0.156446
0.278859
0.156446
0.156439
0.156439
0.312879
0.156446
0.157282
0.156439
0.157282
0.156439
0.508111
0.477858
0.312879
0.156446
0.312879
0.156446
0.156439
0.156439
0.156439
0.156439
0.162095
0.156439
0.484592
0.316230
0.544953
0.541661
0.477845
0.547646
0.156445
0.156439
0.351830
0.156439
0.466248
0.156439
0.351830
0.156439
0.466248
0.156439
0.351830
0.156439
0.156439
0.156439
0.156439
0.178837
0.244491
0.178452
0.160528
0.173072
0.173165
0.173072
0.156439
0.291676
0.436905
0.296672
1.000000
0.413106
0.376141
0.413106
0.156439
0.156475
0.156510
0.156475
0.156446
0.156469
0.156469
0.156469
