0.187132
0.186132
0.186132
0.186132
0.372264
0.186140
0.186132
0.186132
0.186132
0.186132
0.186132
0.186132
0.372264
0.186140
0.186132
0.186132
0.187137
0.186132
0.186132
0.186132
0.372264
0.186140
0.186132
0.186132
0.186132
0.186132
0.186132
0.186132
0.186132
0.186132
0.331799
0.186140
0.332625
0.186140
0.186132
0.186132
0.191831
0.186132
0.187137
0.186132
0.186132
0.186132
0.331800
0.186140
0.187137
0.186132
0.332625
0.186140
0.186132
0.186132
0.186132
0.186132
0.187137
0.186132
0.331799
0.186140
0.372264
0.186140
0.332625
0.186140
0.372264
0.186140
0.187137
0.186132
0.372264
0.186140
0.186132
0.186132
0.187137
0.186132
0.331757
0.186140
0.186132
0.186132
0.186132
0.186140
0.372264
0.186140
0.372264
0.186140
0.372264
0.186140
0.186132
0.186140
0.186132
0.186132
0.372264
0.186140
0.186132
0.186132
0.186132
0.186132
0.186132
0.186140
0.186132
0.186132
0.186132
0.186132
0.186132
0.186132
0.372264
0.186140
0.186132
0.186132
0.186132
0.186132
0.186132
0.186140
0.186132
0.186132
0.186132
0.186132
0.187137
0.186132
0.186132
0.186132
0.372264
0.186140
0.186132
0.186132
0.186132
0.186132
0.186132
0.186132
0.331786
0.186140
0.187137
0.186132
0.333927
0.186140
0.372264
0.186140
0.186132
0.186132
0.333398
0.186140
0.186132
0.186132
0.186132
0.186132
0.372264
0.186140
0.186132
0.186132
0.372264
0.186140
0.372264
0.186140
0.331786
0.186140
0.332625
0.186140
0.372264
0.186140
0.333399
0.186140
0.333928
0.186140
0.186132
0.186132
0.333928
0.186140
0.333390
0.186140
0.333390
0.186140
0.333400
0.186140
0.186132
0.186132
0.333390
0.186140
0.333928
0.186140
0.372264
0.186140
0.372264
0.186140
0.333399
0.186140
0.186164
0.186132
0.331699
0.186140
0.331684
0.186140
0.333399
0.186140
0.453143
0.186132
0.186132
0.186132
0.333890
0.186140
0.331684
0.186140
0.331697
0.186140
0.333400
0.186140
0.186132
0.186132
0.331697
0.186140
0.333890
0.186140
0.372264
0.186140
0.372264
0.186140
0.333399
0.186140
0.186132
0.186132
0.186132
0.186132
0.333890
0.186140
0.331684
0.186140
0.331697
0.186140
0.333400
0.186140
0.186132
0.186132
0.331697
0.186140
0.333890
0.186140
0.372264
0.186140
0.372264
0.186140
0.333399
0.186140
0.333890
0.186140
0.187134
0.186132
0.187134
0.186132
0.372264
0.186140
0.300619
0.186132
0.187921
0.186132
0.186132
0.186132
0.372264
0.186140
0.331697
0.186140
0.331684
0.186140
0.372264
0.186140
0.372264
0.186140
0.333890
0.186140
0.186132
0.186140
0.186132
0.186132
0.333890
0.186140
0.186132
0.186132
0.186132
0.186132
0.186132
0.186132
0.333929
0.186140
0.372264
0.186140
0.333890
0.186140
0.186132
0.186132
0.333928
0.186140
0.372264
0.186140
0.333400
0.186140
0.186132
0.186132
0.333890
0.186140
0.186132
0.186132
0.186132
0.186132
0.186132
0.186132
0.333928
0.186140
0.331691
0.186140
0.333890
0.186140
0.186132
0.186132
0.186132
0.186132
0.333929
0.186140
0.372264
0.186140
0.186134
0.186132
0.186133
0.186132
0.372264
0.186140
0.187134
0.186132
0.186132
0.186132
0.186132
0.186132
0.000000
0.186124
0.372264
0.186140
0.186132
0.186132
0.186132
0.186132
0.186132
0.186132
0.186132
0.186132
0.186132
0.186132
0.186132
0.186132
0.186132
0.186132
0.186132
0.186132
0.186132
0.186132
0.186132
0.186132
0.186132
0.186132
0.187639
0.186132
0.187134
0.186132
0.332624
0.186140
0.186133
0.186132
0.186132
0.186132
0.186132
0.186132
0.186132
0.186132
0.186132
0.186132
0.331810
0.186140
0.186132
0.186132
0.186133
0.186132
0.186133
0.186132
0.331787
0.186140
0.186132
0.186132
0.187362
0.186132
0.186132
0.186132
0.186140
0.186132
0.186132
0.186132
0.186132
0.186132
0.186132
0.186132
0.186133
0.186132
0.186132
0.186132
0.554743
0.186132
0.241018
0.186132
0.554743
0.186132
0.241015
0.186132
0.554743
0.186132
0.241015
0.186132
0.186132
0.186132
0.186132
0.186132
0.186132
0.186132
0.187134
0.186132
0.372264
0.186140
0.186132
0.186132
0.192841
0.186132
0.186132
0.186132
0.186132
0.186132
0.372264
0.186140
0.186132
0.186132
0.186132
0.186132
0.331810
0.186140
0.186132
0.186132
0.372264
0.186140
0.372264
0.186140
0.192841
0.186132
0.186132
0.186132
0.187134
0.186132
0.372264
0.186140
0.186132
0.186132
0.186132
0.186132
0.331810
0.186140
0.186132
0.186132
0.186132
0.186132
0.186132
0.186132
0.186132
0.186132
0.192841
0.186132
0.192841
0.186132
0.186132
0.186132
0.187134
0.186132
0.372264
0.186140
0.331788
0.186140
0.186132
0.186132
0.372264
0.186140
0.187134
0.186132
0.187135
0.186132
0.604551
0.568556
0.372264
0.186140
0.372264
0.186140
0.186132
0.186132
0.186132
0.186132
0.192841
0.186132
0.576568
0.376252
0.648386
0.644470
0.568541
0.651591
0.186139
0.186132
0.418608
0.186132
0.554743
0.186132
0.418608
0.186132
0.554743
0.186132
0.418608
0.186132
0.186132
0.186132
0.186132
0.212036
0.281322
0.209929
0.190118
0.205027
0.204521
0.205027
0.186132
0.326429
0.504171
0.345151
1.000000
0.441783
0.451059
0.441783
0.186132
0.186173
0.186209
0.186170
0.186139
0.186164
0.186164
0.186164
