0.322843
0.317739
0.317739
0.317739
0.317739
0.317739
0.175136
0.317746
0.317740
0.317739
0.030813
0.317744
0.317739
0.317739
0.030813
0.317744
0.033077
0.317744
0.030813
0.317744
0.317739
0.317739
0.174871
0.317746
0.302062
0.317746
0.175140
0.317746
0.317740
0.317739
0.175136
0.317746
0.033077
0.317744
0.174870
0.317746
0.302062
0.317746
0.317739
0.317739
0.317739
0.317739
0.175136
0.317746
0.030813
0.317744
0.317739
0.317739
0.317739
0.317739
0.174872
0.317746
0.175140
0.317746
0.174871
0.317746
0.317739
0.317739
0.175140
0.317746
0.302062
0.317746
0.317739
0.317739
0.302062
0.317746
0.030813
0.317744
0.175136
0.317746
0.174835
0.317746
0.317739
0.317746
0.302062
0.317746
0.317739
0.317739
0.175537
0.317746
0.317739
0.317739
0.317739
0.317739
0.317739
0.317739
0.317739
0.317739
0.317739
0.317739
0.175537
0.317746
0.317739
0.317739
0.174782
0.317746
0.317739
0.317746
0.302062
0.317746
0.317739
0.317746
0.317739
0.317746
0.317739
0.317739
0.175136
0.317746
0.317740
0.317739
0.030813
0.317744
0.317739
0.317739
0.030813
0.317744
0.319261
0.317739
0.030813
0.317744
0.302062
0.317746
0.302062
0.317746
0.175468
0.317746
0.317739
0.317739
0.317739
0.317739
0.317739
0.317739
0.317739
0.317739
0.415150
0.317739
0.174859
0.317746
0.175140
0.317746
0.175468
0.317746
0.175564
0.317746
0.317739
0.317739
0.317739
0.317739
0.302062
0.317746
0.302062
0.317746
0.317739
0.317739
0.317739
0.317739
0.317739
0.317739
0.175564
0.317746
0.317739
0.317739
0.030809
0.317744
0.302062
0.317746
0.302062
0.317746
0.175564
0.317746
0.317739
0.317739
0.317739
0.317739
0.174782
0.317746
0.317739
0.317739
0.302062
0.317746
0.174771
0.317746
0.175468
0.317746
0.302062
0.317746
0.030809
0.317744
0.302063
0.317746
0.317739
0.317739
0.317739
0.317739
0.175541
0.317746
0.317739
0.317739
0.030814
0.317744
0.302062
0.317746
0.030809
0.317744
0.302063
0.317746
0.317739
0.317739
0.317739
0.317739
0.175541
0.317746
0.317739
0.317739
0.175541
0.317746
0.033077
0.317744
0.174771
0.317746
0.302062
0.317746
0.175547
0.317746
0.302063
0.317746
0.317739
0.317739
0.302062
0.317746
0.302062
0.317746
0.302063
0.317746
0.302062
0.317746
0.302062
0.317746
0.175564
0.317746
0.175564
0.317746
0.030809
0.317744
0.302062
0.317746
0.317741
0.317753
0.175564
0.317746
0.317739
0.317739
0.317739
0.317739
0.317739
0.317739
0.317739
0.317739
0.317739
0.317739
0.174773
0.317746
0.175468
0.317746
0.444359
0.444359
0.444359
0.444359
0.321148
0.321148
0.317739
0.321135
0.317753
0.317753
0.317739
0.321135
0.317753
0.317739
0.317739
0.321135
0.444359
0.444359
0.444359
0.444359
0.317753
0.317739
0.317739
0.317726
0.317753
0.317739
0.317739
0.321135
0.643110
0.713772
0.317879
0.317739
0.478580
0.478580
0.478580
0.478580
0.317740
0.317739
0.317739
0.317739
0.317739
0.317739
0.317739
0.317739
0.317739
0.317739
0.033078
0.317744
0.317740
0.317739
0.317740
0.317739
0.317739
0.317739
0.317739
0.317739
0.317739
0.317739
0.317739
0.317739
0.317739
0.317739
0.317739
0.317739
0.317739
0.317739
0.317739
0.317739
0.317739
0.317739
0.317740
0.317739
0.317740
0.317739
0.317739
0.317739
0.317739
0.317739
0.317739
0.317739
0.317739
0.317739
0.174879
0.317746
0.317739
0.317739
0.317740
0.317739
0.033957
0.317744
0.030809
0.317744
0.317740
0.317739
0.174861
0.317746
0.317740
0.317739
0.322081
0.317739
0.317739
0.317739
0.317746
0.317740
0.317740
0.317739
0.317739
0.317739
0.317740
0.317739
0.317740
0.317739
0.317739
0.317739
0.631348
0.317739
0.371945
0.317739
0.631353
0.317739
0.476971
0.317739
0.631353
0.317739
0.476971
0.317739
0.317739
0.317739
0.317739
0.317739
0.317739
0.317739
0.033078
0.317744
0.503876
0.000000
0.033957
0.317744
0.175136
0.317746
0.030809
0.317744
0.503876
0.000000
0.033957
0.317744
0.317739
0.317739
0.030809
0.317744
0.302063
0.317746
0.317739
0.317739
0.317739
0.317739
0.302062
0.317746
0.174842
0.317746
0.317739
0.317739
0.302062
0.317746
0.302062
0.317746
0.503876
0.000000
0.317739
0.317739
0.503876
0.000000
0.302062
0.317746
0.033957
0.317744
0.317739
0.317739
0.317739
0.317739
0.302063
0.317746
0.317739
0.317739
0.317739
0.317739
0.174873
0.317746
0.174872
0.317746
0.503876
0