0.286281
0.282128
0.282128
0.282128
0.282128
0.282128
0.155507
0.282134
0.282128
0.282128
0.027359
0.282132
0.282128
0.282128
0.027359
0.282132
0.029370
0.282132
0.027359
0.282132
0.282128
0.282128
0.155272
0.282134
0.268208
0.282134
0.155510
0.282134
0.282128
0.282128
0.155507
0.282134
0.029370
0.282132
0.155271
0.282134
0.268208
0.282134
0.282128
0.282128
0.282128
0.282128
0.155507
0.282134
0.027359
0.282132
0.282128
0.282128
0.282128
0.282128
0.155273
0.282134
0.155510
0.282134
0.155272
0.282134
0.282128
0.282128
0.155510
0.282134
0.268208
0.282134
0.282128
0.282128
0.268208
0.282134
0.027359
0.282132
0.155507
0.282134
0.155240
0.282134
0.282128
0.282134
0.268208
0.282134
0.282128
0.282128
0.155863
0.282134
0.282128
0.282128
0.282128
0.282128
0.282128
0.282128
0.282128
0.282128
0.282128
0.282128
0.155863
0.282134
0.282128
0.282128
0.155193
0.282134
0.282128
0.282134
0.268208
0.282134
0.282128
0.282134
0.282128
0.282134
0.282128
0.282128
0.155507
0.282134
0.282128
0.282128
0.027359
0.282132
0.282128
0.282128
0.027359
0.282132
0.283479
0.282128
0.027359
0.282132
0.268208
0.282134
0.268208
0.282134
0.155802
0.282134
0.282128
0.282128
0.282128
0.282128
0.282128
0.282128
0.282128
0.282128
0.368621
0.282128
0.155262
0.282134
0.155510
0.282134
0.155802
0.282134
0.155887
0.282134
0.282128
0.282128
0.282128
0.282128
0.268208
0.282134
0.268208
0.282134
0.282128
0.282128
0.282128
0.282128
0.282128
0.282128
0.155887
0.282134
0.282128
0.282128
0.027356
0.282132
0.268208
0.282134
0.268208
0.282134
0.155887
0.282134
0.282128
0.282128
0.282128
0.282128
0.155193
0.282134
0.282128
0.282128
0.268208
0.282134
0.155183
0.282134
0.155802
0.282134
0.268208
0.282134
0.027356
0.282132
0.268208
0.282134
0.282128
0.282128
0.282128
0.282128
0.155867
0.282134
0.282128
0.282128
0.027361
0.282132
0.268208
0.282134
0.027356
0.282132
0.268208
0.282134
0.282128
0.282128
0.282128
0.282128
0.155867
0.282134
0.282128
0.282128
0.155867
0.282134
0.029370
0.282132
0.155183
0.282134
0.268208
0.282134
0.155872
0.282134
0.268208
0.282134
0.282128
0.282128
0.268208
0.282134
0.268208
0.282134
0.268208
0.282134
0.268208
0.282134
0.268208
0.282134
0.155887
0.282134
0.155887
0.282134
0.027356
0.282132
0.268208
0.282134
0.282129
0.282140
0.155887
0.282134
0.282128
0.282128
0.282128
0.282128
0.282128
0.282128
0.282128
0.282128
0.282128
0.282128
0.155185
0.282134
0.155802
0.282134
0.394556
0.394556
0.394556
0.394556
0.285155
0.285155
0.282128
0.285143
0.282140
0.282140
0.282128
0.285143
0.282140
0.282128
0.282128
0.285143
0.394556
0.394556
0.394556
0.394556
0.282140
0.282128
0.282128
0.282116
0.282140
0.282128
0.282128
0.285143
0.571031
0.633774
0.282251
0.282128
0.424942
0.424942
0.424942
0.424942
0.282129
0.282128
0.282128
0.282128
0.282128
0.282128
0.282128
0.282128
0.282128
0.282128
0.029370
0.282132
0.282129
0.282128
0.282129
0.282128
0.282128
0.282128
0.282128
0.282128
0.282128
0.282128
0.282128
0.282128
0.282128
0.282128
0.282128
0.282128
0.282128
0.282128
0.282128
0.282128
0.282128
0.282128
0.282129
0.282128
0.282129
0.282128
0.282128
0.282128
0.282128
0.282128
0.282128
0.282128
0.282128
0.282128
0.155279
0.282134
0.282128
0.282128
0.282129
0.282128
0.030151
0.282132
0.027356
0.282132
0.282129
0.282128
0.155263
0.282134
0.282128
0.282128
0.285982
0.282128
0.282128
0.282128
0.282134
0.282128
0.282128
0.282128
0.282128
0.282128
0.282128
0.282128
0.282129
0.282128
0.282128
0.282128
0.560588
0.282128
0.330258
0.282128
0.560592
0.282128
0.423513
0.282128
0.560592
0.282128
0.423513
0.282128
0.282128
0.282128
0.282128
0.282128
0.282128
0.282128
0.029371
0.282132
0.447403
0.000000
0.030151
0.282132
0.155507
0.282134
0.027356
0.282132
0.447403
0.000000
0.030151
0.282132
0.282128
0.282128
0.027356
0.282132
0.268208
0.282134
0.282128
0.282128
0.282128
0.282128
0.268208
0.282134
0.155246
0.282134
0.282128
0.282128
0.268208
0.282134
0.268208
0.282134
0.447403
0.000000
0.282128
0.282128
0.447403
0.000000
0.268208
0.282134
0.030151
0.282132
0.282128
0.282128
0.282128
0.282128
0.268208
0.282134
0.282128
0.282128
0.282128
0.282128
0.155273
0.282134
0.155273
0.282134
0.447403
0