0.175372
0.164754
0.164754
0.164754
0.329508
0.164761
0.164754
0.164754
0.164754
0.164754
0.164754
0.164754
0.329509
0.164761
0.164754
0.164754
0.165644
0.164754
0.164754
0.164754
0.329508
0.164761
0.164754
0.164754
0.164754
0.164754
0.164754
0.164754
0.164754
0.164754
0.293691
0.164761
0.294422
0.164761
0.164754
0.164754
0.169799
0.164754
0.165644
0.164754
0.164754
0.164754
0.293692
0.164761
0.165644
0.164754
0.294422
0.164761
0.164754
0.164754
0.164754
0.164754
0.165644
0.164754
0.293691
0.164761
0.329508
0.164761
0.294422
0.164761
0.329509
0.164761
0.165644
0.164754
0.329509
0.164761
0.164754
0.164754
0.165644
0.164754
0.293654
0.164761
0.164754
0.164754
0.164754
0.164761
0.329508
0.164761
0.329508
0.164761
0.329508
0.164761
0.164754
0.164761
0.164754
0.164754
0.329508
0.164761
0.164754
0.164754
0.164754
0.164754
0.164754
0.164761
0.164754
0.164754
0.164754
0.164754
0.164754
0.164754
0.329508
0.164761
0.164754
0.164754
0.164754
0.164754
0.164754
0.164761
0.164754
0.164754
0.164754
0.164754
0.165644
0.164754
0.164754
0.164754
0.329508
0.164761
0.164754
0.164754
0.164754
0.164754
0.164754
0.164754
0.293679
0.164761
0.165644
0.164754
0.295575
0.164761
0.329508
0.164761
0.164754
0.164754
0.295107
0.164761
0.164754
0.164754
0.164754
0.164754
0.329508
0.164761
0.164754
0.164754
0.329509
0.164761
0.329509
0.164761
0.293679
0.164761
0.294422
0.164761
0.329508
0.164761
0.295107
0.164761
0.295576
0.164761
0.164754
0.164754
0.295576
0.164761
0.295099
0.164761
0.295099
0.164761
0.295108
0.164761
0.164754
0.164754
0.295099
0.164761
0.295576
0.164761
0.329508
0.164761
0.329508
0.164761
0.295108
0.164761
0.164782
0.164754
0.293602
0.164761
0.293590
0.164761
0.295107
0.164761
0.401099
0.164754
0.164755
0.164754
0.295542
0.164761
0.293590
0.164761
0.293601
0.164761
0.295108
0.164761
0.164755
0.164754
0.293601
0.164761
0.295542
0.164761
0.329508
0.164761
0.329508
0.164761
0.295107
0.164761
0.164754
0.164754
0.164754
0.164754
0.295542
0.164761
0.293590
0.164761
0.293601
0.164761
0.295108
0.164761
0.164754
0.164754
0.293601
0.164761
0.295542
0.164761
0.329508
0.164761
0.329508
0.164761
0.295108
0.164761
0.295542
0.164761
0.165641
0.164754
0.165641
0.164754
0.329508
0.164761
0.266092
0.164754
0.166338
0.164754
0.164754
0.164754
0.329509
0.164761
0.293601
0.164761
0.293590
0.164761
0.329508
0.164761
0.329509
0.164761
0.295542
0.164761
0.164754
0.164761
0.164754
0.164754
0.295542
0.164761
0.164754
0.164754
0.164754
0.164754
0.164754
0.164754
0.295576
0.164761
0.329509
0.164761
0.295542
0.164761
0.164754
0.164754
0.295576
0.164761
0.329509
0.164761
0.295108
0.164761
0.164754
0.164754
0.295542
0.164761
0.164754
0.164754
0.164754
0.164754
0.164754
0.164754
0.295576
0.164761
0.293596
0.164761
0.295542
0.164761
0.164754
0.164754
0.164754
0.164754
0.295576
0.164761
0.329509
0.164761
0.164756
0.164754
0.164755
0.164754
0.329509
0.164761
0.165641
0.164754
0.164754
0.164754
0.164754
0.164754
0.000000
0.164747
0.329509
0.164761
0.164754
0.164754
0.164754
0.164754
0.164754
0.164754
0.164754
0.164754
0.164754
0.164754
0.164754
0.164754
0.164754
0.164754
0.164754
0.164754
0.164754
0.164754
0.164754
0.164754
0.164754
0.164754
0.166088
0.164754
0.165641
0.164754
0.294422
0.164761
0.164755
0.164754
0.164754
0.164754
0.164754
0.164754
0.164754
0.164754
0.164754
0.164754
0.293701
0.164761
0.164754
0.164754
0.164755
0.164754
0.164755
0.164754
0.293681
0.164761
0.164755
0.164754
0.165843
0.164754
0.164754
0.164754
0.164761
0.164754
0.164754
0.164754
0.164754
0.164754
0.164755
0.164754
0.164755
0.164754
0.164754
0.164754
0.491029
0.164754
0.213337
0.164754
0.491029
0.164754
0.213334
0.164754
0.491029
0.164754
0.213334
0.164754
0.164754
0.164754
0.164754
0.164754
0.164754
0.164754
0.165641
0.164754
0.329509
0.164761
0.164754
0.164754
0.170788
0.164754
0.164754
0.164754
0.164754
0.164754
0.329509
0.164761
0.164754
0.164754
0.164754
0.164754
0.293701
0.164761
0.164754
0.164754
0.329509
0.164761
0.329509
0.164761
0.170788
0.164754
0.164754
0.164754
0.165641
0.164754
0.329509
0.164761
0.164754
0.164754
0.164754
0.164754
0.293701
0.164761
0.164754
0.164754
0.164754
0.164754
0.164754
0.164754
0.164754
0.164754
0.170788
0.164754
0.170788
0.164754
0.164754
0.164754
0.165641
0.164754
0.329509
0.164761
0.293681
0.164761
0.164754
0.164754
0.329509
0.164761
0.165641
0.164754
0.165642
0.164754
0.535117
0.503256
0.329509
0.164761
0.329509
0.164761
0.164754
0.164754
0.164754
0.164754
0.170788
0.164754
0.510348
0.333038
0.573918
0.570451
0.503243
0.576754
0.164761
0.164754
0.370530
0.164754
0.491029
0.164754
0.370530
0.164754
0.491029
0.164754
0.370530
0.164754
0.164754
0.164754
0.164754
0.195717
0.281738
0.194000
0.169047
0.187041
0.188805
0.187041
0.164754
0.286979
0.439646
0.302200
1.000000
0.405440
0.372304
0.405440
0.164754
0.164797
0.164837
0.164796
0.164761
0.164789
0.164791
0.164789
