0.171490
0.167884
0.167884
0.167884
0.335767
0.167891
0.167884
0.167884
0.167884
0.167884
0.167884
0.167884
0.335767
0.167891
0.167884
0.167884
0.168791
0.167884
0.167884
0.167884
0.335767
0.167891
0.167884
0.167884
0.167884
0.167884
0.167884
0.167884
0.167884
0.167884
0.299270
0.167891
0.300015
0.167891
0.167884
0.167884
0.173024
0.167884
0.168791
0.167884
0.167884
0.167884
0.299271
0.167891
0.168791
0.167884
0.300015
0.167891
0.167884
0.167884
0.167884
0.167884
0.168791
0.167884
0.299270
0.167891
0.335767
0.167891
0.300015
0.167891
0.335767
0.167891
0.168791
0.167884
0.335767
0.167891
0.167884
0.167884
0.168791
0.167884
0.299231
0.167891
0.167884
0.167884
0.167884
0.167891
0.335767
0.167891
0.335767
0.167891
0.335767
0.167891
0.167884
0.167891
0.167884
0.167884
0.335767
0.167891
0.167884
0.167884
0.167884
0.167884
0.167884
0.167891
0.167884
0.167884
0.167884
0.167884
0.167884
0.167884
0.335767
0.167891
0.167884
0.167884
0.167884
0.167884
0.167884
0.167891
0.167884
0.167884
0.167884
0.167884
0.168791
0.167884
0.167884
0.167884
0.335767
0.167891
0.167884
0.167884
0.167884
0.167884
0.167884
0.167884
0.299258
0.167891
0.168791
0.167884
0.301189
0.167891
0.335767
0.167891
0.167884
0.167884
0.300712
0.167891
0.167884
0.167884
0.167884
0.167884
0.335767
0.167891
0.167884
0.167884
0.335768
0.167891
0.335768
0.167891
0.299258
0.167891
0.300015
0.167891
0.335767
0.167891
0.300713
0.167891
0.301190
0.167891
0.167884
0.167884
0.301190
0.167891
0.300704
0.167891
0.300705
0.167891
0.300713
0.167891
0.167884
0.167884
0.300705
0.167891
0.301190
0.167891
0.335767
0.167891
0.335767
0.167891
0.300713
0.167891
0.167912
0.167884
0.299179
0.167891
0.299166
0.167891
0.300713
0.167891
0.408717
0.167884
0.167884
0.167884
0.301155
0.167891
0.299166
0.167891
0.299178
0.167891
0.300713
0.167891
0.167884
0.167884
0.299178
0.167891
0.301155
0.167891
0.335767
0.167891
0.335767
0.167891
0.300713
0.167891
0.167884
0.167884
0.167884
0.167884
0.301155
0.167891
0.299166
0.167891
0.299178
0.167891
0.300713
0.167891
0.167884
0.167884
0.299178
0.167891
0.301155
0.167891
0.335767
0.167891
0.335767
0.167891
0.300713
0.167891
0.301156
0.167891
0.168787
0.167884
0.168787
0.167884
0.335767
0.167891
0.271147
0.167884
0.169497
0.167884
0.167884
0.167884
0.335767
0.167891
0.299178
0.167891
0.299166
0.167891
0.335767
0.167891
0.335767
0.167891
0.301156
0.167891
0.167884
0.167891
0.167884
0.167884
0.301156
0.167891
0.167884
0.167884
0.167884
0.167884
0.167884
0.167884
0.301191
0.167891
0.335767
0.167891
0.301156
0.167891
0.167884
0.167884
0.301190
0.167891
0.335767
0.167891
0.300714
0.167891
0.167884
0.167884
0.301156
0.167891
0.167884
0.167884
0.167884
0.167884
0.167884
0.167884
0.301190
0.167891
0.299172
0.167891
0.301155
0.167891
0.167884
0.167884
0.167884
0.167884
0.301191
0.167891
0.335767
0.167891
0.167885
0.167884
0.167885
0.167884
0.335767
0.167891
0.168787
0.167884
0.167884
0.167884
0.167884
0.167884
0.000000
0.167877
0.335767
0.167891
0.167884
0.167884
0.167884
0.167884
0.167884
0.167884
0.167884
0.167884
0.167884
0.167884
0.167884
0.167884
0.167884
0.167884
0.167884
0.167884
0.167884
0.167884
0.167884
0.167884
0.167884
0.167884
0.169243
0.167884
0.168788
0.167884
0.300014
0.167891
0.167885
0.167884
0.167884
0.167884
0.167884
0.167884
0.167884
0.167884
0.167884
0.167884
0.299280
0.167891
0.167884
0.167884
0.167885
0.167884
0.167885
0.167884
0.299259
0.167891
0.167884
0.167884
0.168993
0.167884
0.167884
0.167884
0.167891
0.167884
0.167884
0.167884
0.167884
0.167884
0.167884
0.167884
0.167885
0.167884
0.167884
0.167884
0.500356
0.167884
0.217389
0.167884
0.500356
0.167884
0.217386
0.167884
0.500356
0.167884
0.217386
0.167884
0.167884
0.167884
0.167884
0.167884
0.167884
0.167884
0.168788
0.167884
0.335768
0.167891
0.167884
0.167884
0.173965
0.167884
0.167884
0.167884
0.167884
0.167884
0.335768
0.167891
0.167884
0.167884
0.167884
0.167884
0.299280
0.167891
0.167884
0.167884
0.335768
0.167891
0.335768
0.167891
0.173965
0.167884
0.167884
0.167884
0.168788
0.167884
0.335768
0.167891
0.167884
0.167884
0.167884
0.167884
0.299280
0.167891
0.167884
0.167884
0.167884
0.167884
0.167884
0.167884
0.167884
0.167884
0.173965
0.167884
0.173965
0.167884
0.167884
0.167884
0.168788
0.167884
0.335768
0.167891
0.299259
0.167891
0.167884
0.167884
0.335768
0.167891
0.168788
0.167884
0.168788
0.167884
0.545282
0.512816
0.335768
0.167891
0.335768
0.167891
0.167884
0.167884
0.167884
0.167884
0.173965
0.167884
0.520042
0.339364
0.584819
0.581286
0.512802
0.587709
0.167890
0.167884
0.377568
0.167884
0.500356
0.167884
0.377568
0.167884
0.500356
0.167884
0.377568
0.167884
0.167884
0.167884
0.167884
0.193216
0.280195
0.195962
0.172719
0.187627
0.188856
0.187627
0.167884
0.326083
0.405320
0.286602
1.000000
0.408382
0.400232
0.408382
0.167884
0.167921
0.167963
0.167923
0.167890
0.167915
0.167916
0.167915
