0.237046
0.235314
0.235314
0.235314
0.235314
0.235314
0.129703
0.235319
0.235315
0.235314
0.022819
0.235318
0.235314
0.235314
0.022819
0.235318
0.024497
0.235318
0.022819
0.235318
0.235314
0.235314
0.129508
0.235319
0.223704
0.235319
0.129707
0.235319
0.235315
0.235314
0.129704
0.235319
0.024497
0.235318
0.129507
0.235319
0.223704
0.235319
0.235314
0.235314
0.235314
0.235314
0.129704
0.235319
0.022819
0.235318
0.235314
0.235314
0.235314
0.235314
0.129508
0.235319
0.129707
0.235319
0.129508
0.235319
0.235314
0.235314
0.129707
0.235319
0.223704
0.235319
0.235314
0.235314
0.223704
0.235319
0.022819
0.235318
0.129704
0.235319
0.129481
0.235319
0.235314
0.235319
0.223704
0.235319
0.235314
0.235314
0.130001
0.235319
0.235314
0.235314
0.235314
0.235314
0.235314
0.235314
0.235314
0.235314
0.235314
0.235314
0.130001
0.235319
0.235314
0.235314
0.129442
0.235319
0.235314
0.235319
0.223704
0.235319
0.235314
0.235319
0.235314
0.235319
0.235314
0.235314
0.129703
0.235319
0.235315
0.235314
0.022819
0.235318
0.235314
0.235314
0.022819
0.235318
0.236441
0.235314
0.022819
0.235318
0.223704
0.235319
0.223704
0.235319
0.129950
0.235319
0.235314
0.235314
0.235314
0.235314
0.235314
0.235314
0.235314
0.235314
0.307456
0.235314
0.129499
0.235319
0.129707
0.235319
0.129950
0.235319
0.130021
0.235319
0.235314
0.235314
0.235314
0.235314
0.223704
0.235319
0.223704
0.235319
0.235314
0.235314
0.235314
0.235314
0.235314
0.235314
0.130021
0.235319
0.235314
0.235314
0.022817
0.235318
0.223704
0.235319
0.223704
0.235319
0.130021
0.235319
0.235314
0.235314
0.235314
0.235314
0.129442
0.235319
0.235314
0.235314
0.223704
0.235319
0.129434
0.235319
0.129949
0.235319
0.223704
0.235319
0.022817
0.235318
0.223704
0.235319
0.235314
0.235314
0.235314
0.235314
0.130004
0.235319
0.235314
0.235314
0.022821
0.235318
0.223704
0.235319
0.022817
0.235318
0.223704
0.235319
0.235314
0.235314
0.235314
0.235314
0.130004
0.235319
0.235314
0.235314
0.130004
0.235319
0.024497
0.235318
0.129434
0.235319
0.223704
0.235319
0.130008
0.235319
0.223704
0.235319
0.235314
0.235314
0.223704
0.235319
0.223704
0.235319
0.223704
0.235319
0.223704
0.235319
0.223704
0.235319
0.130021
0.235319
0.130020
0.235319
0.022817
0.235318
0.223704
0.235319
0.235315
0.235324
0.130021
0.235319
0.235314
0.235314
0.235314
0.235314
0.235314
0.235314
0.235314
0.235314
0.235314
0.235314
0.129435
0.235319
0.129949
0.235319
0.329087
0.329087
0.329087
0.329087
0.237839
0.237839
0.235314
0.237829
0.235324
0.235324
0.235314
0.237829
0.235324
0.235314
0.235314
0.237829
0.329087
0.329087
0.329087
0.329087
0.235324
0.235314
0.235314
0.235304
0.235324
0.235314
0.235314
0.237829
0.476280
0.528612
0.235417
0.235314
0.354431
0.354431
0.354431
0.354431
0.235315
0.235314
0.235314
0.235314
0.235314
0.235314
0.235314
0.235314
0.235314
0.235314
0.024497
0.235318
0.235315
0.235314
0.235315
0.235314
0.235314
0.235314
0.235314
0.235314
0.235314
0.235314
0.235314
0.235314
0.235314
0.235314
0.235314
0.235314
0.235314
0.235314
0.235314
0.235314
0.235314
0.235314
0.235315
0.235314
0.235315
0.235314
0.235314
0.235314
0.235314
0.235314
0.235314
0.235314
0.235314
0.235314
0.129513
0.235319
0.235314
0.235314
0.235315
0.235314
0.025142
0.235318
0.022817
0.235318
0.235315
0.235314
0.129500
0.235319
0.235315
0.235314
0.238529
0.235314
0.235314
0.235314
0.235319
0.235314
0.235314
0.235314
0.235314
0.235314
0.235314
0.235314
0.235315
0.235314
0.235314
0.235314
0.467570
0.235314
0.275459
0.235314
0.467573
0.235314
0.353239
0.235314
0.467573
0.235314
0.353239
0.235314
0.235314
0.235314
0.235314
0.235314
0.235314
0.235314
0.024497
0.235318
0.373165
0.000000
0.025142
0.235318
0.129704
0.235319
0.022817
0.235318
0.373165
0.000000
0.025142
0.235318
0.235314
0.235314
0.022817
0.235318
0.223704
0.235319
0.235314
0.235314
0.235314
0.235314
0.223704
0.235319
0.129486
0.235319
0.235314
0.235314
0.223704
0.235319
0.223704
0.235319
0.373165
0.000000
0.235314
0.235314
0.373165
0.000000
0.223704
0.235319
0.025142
0.235318
0.235314
0.235314
0.235314
0.235314
0.223704
0.235319
0.235314
0.235314
0.235314
0.235314
0.129509
0.235319
0.129508
0.235319
0.373165
0