0.326152
0.317235
0.317235
0.317235
0.317235
0.317235
0.174858
0.317242
0.317236
0.317235
0.030764
0.317240
0.317235
0.317235
0.030764
0.317240
0.033025
0.317240
0.030764
0.317240
0.317235
0.317235
0.174594
0.317242
0.301583
0.317242
0.174862
0.317242
0.317236
0.317235
0.174858
0.317242
0.033025
0.317240
0.174593
0.317242
0.301583
0.317242
0.317235
0.317235
0.317235
0.317235
0.174858
0.317242
0.030764
0.317240
0.317235
0.317235
0.317235
0.317235
0.174595
0.317242
0.174862
0.317242
0.174594
0.317242
0.317235
0.317235
0.174862
0.317242
0.301583
0.317242
0.317235
0.317235
0.301583
0.317242
0.030764
0.317240
0.174858
0.317242
0.174557
0.317242
0.317235
0.317242
0.301583
0.317242
0.317235
0.317235
0.175258
0.317242
0.317235
0.317235
0.317235
0.317235
0.317235
0.317235
0.317235
0.317235
0.317235
0.317235
0.175259
0.317242
0.317235
0.317235
0.174505
0.317242
0.317235
0.317242
0.301583
0.317242
0.317235
0.317242
0.317235
0.317242
0.317235
0.317235
0.174858
0.317242
0.317236
0.317235
0.030764
0.317240
0.317235
0.317235
0.030764
0.317240
0.318755
0.317235
0.030764
0.317240
0.301583
0.317242
0.301583
0.317242
0.175190
0.317242
0.317235
0.317235
0.317235
0.317235
0.317235
0.317235
0.317235
0.317235
0.414492
0.317235
0.174582
0.317242
0.174862
0.317242
0.175190
0.317242
0.175285
0.317242
0.317235
0.317235
0.317235
0.317235
0.301583
0.317242
0.301583
0.317242
0.317235
0.317235
0.317235
0.317235
0.317235
0.317235
0.175285
0.317242
0.317235
0.317235
0.030760
0.317240
0.301583
0.317242
0.301583
0.317242
0.175286
0.317242
0.317235
0.317235
0.317235
0.317235
0.174505
0.317242
0.317235
0.317235
0.301583
0.317242
0.174494
0.317242
0.175189
0.317242
0.301583
0.317242
0.030760
0.317240
0.301583
0.317242
0.317235
0.317235
0.317235
0.317235
0.175263
0.317242
0.317235
0.317235
0.030765
0.317240
0.301583
0.317242
0.030760
0.317240
0.301583
0.317242
0.317235
0.317235
0.317235
0.317235
0.175263
0.317242
0.317235
0.317235
0.175263
0.317242
0.033025
0.317240
0.174494
0.317242
0.301583
0.317242
0.175268
0.317242
0.301583
0.317242
0.317235
0.317235
0.301583
0.317242
0.301583
0.317242
0.301583
0.317242
0.301583
0.317242
0.301583
0.317242
0.175285
0.317242
0.175285
0.317242
0.030760
0.317240
0.301583
0.317242
0.317237
0.317249
0.175286
0.317242
0.317235
0.317235
0.317235
0.317235
0.317235
0.317235
0.317235
0.317235
0.317235
0.317235
0.174496
0.317242
0.175189
0.317242
0.443654
0.443654
0.443654
0.443654
0.320639
0.320639
0.317236
0.320626
0.317249
0.317249
0.317235
0.320626
0.317249
0.317235
0.317235
0.320626
0.443654
0.443654
0.443654
0.443654
0.317249
0.317235
0.317236
0.317222
0.317249
0.317235
0.317236
0.320626
0.642090
0.712640
0.317374
0.317235
0.477821
0.477821
0.477821
0.477821
0.317236
0.317235
0.317235
0.317235
0.317235
0.317235
0.317235
0.317235
0.317235
0.317235
0.033025
0.317240
0.317236
0.317235
0.317236
0.317235
0.317235
0.317235
0.317235
0.317235
0.317236
0.317235
0.317235
0.317235
0.317235
0.317235
0.317235
0.317235
0.317235
0.317235
0.317235
0.317235
0.317235
0.317235
0.317236
0.317235
0.317236
0.317235
0.317236
0.317235
0.317235
0.317235
0.317235
0.317235
0.317235
0.317235
0.174601
0.317242
0.317235
0.317235
0.317236
0.317235
0.033920
0.317240
0.030760
0.317240
0.317236
0.317235
0.174584
0.317242
0.317236
0.317235
0.321570
0.317235
0.317235
0.317235
0.317242
0.317236
0.317236
0.317235
0.317235
0.317235
0.317236
0.317235
0.317236
0.317235
0.317235
0.317235
0.630347
0.317235
0.371355
0.317235
0.630351
0.317235
0.476214
0.317235
0.630351
0.317235
0.476214
0.317235
0.317235
0.317235
0.317235
0.317235
0.317235
0.317235
0.033026
0.317240
0.503077
0.000000
0.033920
0.317240
0.174858
0.317242
0.030760
0.317240
0.503077
0.000000
0.033920
0.317240
0.317235
0.317235
0.030760
0.317240
0.301583
0.317242
0.317235
0.317235
0.317235
0.317235
0.301583
0.317242
0.174564
0.317242
0.317235
0.317235
0.301583
0.317242
0.301583
0.317242
0.503077
0.000000
0.317235
0.317235
0.503077
0.000000
0.301583
0.317242
0.033920
0.317240
0.317235
0.317235
0.317235
0.317235
0.301583
0.317242
0.317235
0.317235
0.317235
0.317235
0.174596
0.317242
0.174595
0.317242
0.503077
0