0.318186
0.313363
0.313363
0.313363
0.313363
0.313363
0.172723
0.313369
0.313363
0.313363
0.030388
0.313367
0.313363
0.313363
0.030388
0.313367
0.032622
0.313367
0.030388
0.313367
0.313363
0.313363
0.172462
0.313369
0.297901
0.313369
0.172727
0.313369
0.313363
0.313363
0.172724
0.313369
0.032622
0.313367
0.172462
0.313369
0.297901
0.313369
0.313363
0.313363
0.313363
0.313363
0.172724
0.313369
0.030388
0.313367
0.313363
0.313363
0.313363
0.313363
0.172463
0.313369
0.172727
0.313369
0.172463
0.313369
0.313363
0.313363
0.172727
0.313369
0.297901
0.313369
0.313363
0.313363
0.297901
0.313369
0.030388
0.313367
0.172724
0.313369
0.172426
0.313369
0.313363
0.313369
0.297901
0.313369
0.313363
0.313363
0.173119
0.313369
0.313363
0.313363
0.313363
0.313363
0.313363
0.313363
0.313363
0.313363
0.313363
0.313363
0.173119
0.313369
0.313363
0.313363
0.172375
0.313369
0.313363
0.313369
0.297901
0.313369
0.313363
0.313369
0.313363
0.313369
0.313363
0.313363
0.172723
0.313369
0.313363
0.313363
0.030388
0.313367
0.313363
0.313363
0.030388
0.313367
0.314864
0.313363
0.030388
0.313367
0.297901
0.313369
0.297901
0.313369
0.173051
0.313369
0.313363
0.313363
0.313363
0.313363
0.313363
0.313363
0.313363
0.313363
0.409432
0.313363
0.172451
0.313369
0.172727
0.313369
0.173051
0.313369
0.173146
0.313369
0.313363
0.313363
0.313363
0.313363
0.297901
0.313369
0.297901
0.313369
0.313363
0.313363
0.313363
0.313363
0.313363
0.313363
0.173146
0.313369
0.313363
0.313363
0.030384
0.313367
0.297901
0.313369
0.297901
0.313369
0.173146
0.313369
0.313363
0.313363
0.313363
0.313363
0.172375
0.313369
0.313363
0.313363
0.297901
0.313369
0.172364
0.313369
0.173051
0.313369
0.297902
0.313369
0.030385
0.313367
0.297902
0.313369
0.313363
0.313363
0.313363
0.313363
0.173123
0.313369
0.313363
0.313363
0.030390
0.313367
0.297902
0.313369
0.030385
0.313367
0.297902
0.313369
0.313363
0.313363
0.313363
0.313363
0.173123
0.313369
0.313363
0.313363
0.173123
0.313369
0.032622
0.313367
0.172364
0.313369
0.297901
0.313369
0.173129
0.313369
0.297902
0.313369
0.313363
0.313363
0.297901
0.313369
0.297901
0.313369
0.297902
0.313369
0.297901
0.313369
0.297901
0.313369
0.173146
0.313369
0.173145
0.313369
0.030384
0.313367
0.297901
0.313369
0.313364
0.313376
0.173146
0.313369
0.313363
0.313363
0.313363
0.313363
0.313363
0.313363
0.313363
0.313363
0.313363
0.313363
0.172365
0.313369
0.173051
0.313369
0.438237
0.438237
0.438237
0.438237
0.316724
0.316724
0.313363
0.316711
0.313376
0.313376
0.313363
0.316711
0.313376
0.313363
0.313363
0.316711
0.438237
0.438237
0.438237
0.438237
0.313376
0.313363
0.313363
0.313349
0.313376
0.313363
0.313363
0.316711
0.634251
0.703940
0.313500
0.313363
0.471987
0.471987
0.471987
0.471987
0.313363
0.313363
0.313363
0.313363
0.313363
0.313363
0.313363
0.313363
0.313363
0.313363
0.032622
0.313367
0.313363
0.313363
0.313363
0.313363
0.313363
0.313363
0.313363
0.313363
0.313363
0.313363
0.313363
0.313363
0.313363
0.313363
0.313363
0.313363
0.313363
0.313363
0.313363
0.313363
0.313363
0.313363
0.313363
0.313363
0.313363
0.313363
0.313363
0.313363
0.313363
0.313363
0.313363
0.313363
0.313363
0.313363
0.172470
0.313369
0.313363
0.313363
0.313363
0.313363
0.033489
0.313367
0.030385
0.313367
0.313363
0.313363
0.172452
0.313369
0.313363
0.313363
0.317644
0.313363
0.313363
0.313363
0.313369
0.313363
0.313363
0.313363
0.313363
0.313363
0.313363
0.313363
0.313363
0.313363
0.313363
0.313363
0.622651
0.313363
0.366822
0.313363
0.622656
0.313363
0.470400
0.313363
0.622656
0.313363
0.470400
0.313363
0.313363
0.313363
0.313363
0.313363
0.313363
0.313363
0.032623
0.313367
0.496935
0.000000
0.033489
0.313367
0.172724
0.313369
0.030385
0.313367
0.496935
0.000000
0.033489
0.313367
0.313363
0.313363
0.030385
0.313367
0.297902
0.313369
0.313363
0.313363
0.313363
0.313363
0.297902
0.313369
0.172433
0.313369
0.313363
0.313363
0.297901
0.313369
0.297901
0.313369
0.496935
0.000000
0.313363
0.313363
0.496935
0.000000
0.297901
0.313369
0.033489
0.313367
0.313363
0.313363
0.313363
0.313363
0.297902
0.313369
0.313363
0.313363
0.313363
0.313363
0.172464
0.313369
0.172463
0.313369
0.496935
0