0.259492
0.253719
0.253719
0.253719
0.253719
0.253719
0.139848
0.253724
0.253720
0.253719
0.024604
0.253723
0.253719
0.253719
0.024604
0.253723
0.026413
0.253723
0.024604
0.253723
0.253719
0.253719
0.139637
0.253724
0.241201
0.253724
0.139851
0.253724
0.253720
0.253719
0.139849
0.253724
0.026413
0.253723
0.139636
0.253724
0.241201
0.253724
0.253719
0.253719
0.253719
0.253719
0.139849
0.253724
0.024604
0.253723
0.253719
0.253719
0.253719
0.253719
0.139638
0.253724
0.139851
0.253724
0.139637
0.253724
0.253719
0.253719
0.139851
0.253724
0.241201
0.253724
0.253719
0.253719
0.241201
0.253724
0.024604
0.253723
0.139849
0.253724
0.139608
0.253724
0.253719
0.253724
0.241201
0.253724
0.253719
0.253719
0.140169
0.253724
0.253719
0.253719
0.253719
0.253719
0.253719
0.253719
0.253719
0.253719
0.253719
0.253719
0.140169
0.253724
0.253719
0.253719
0.139566
0.253724
0.253719
0.253724
0.241201
0.253724
0.253719
0.253724
0.253719
0.253724
0.253719
0.253719
0.139848
0.253724
0.253720
0.253719
0.024604
0.253723
0.253719
0.253719
0.024604
0.253723
0.254934
0.253719
0.024604
0.253723
0.241201
0.253724
0.241201
0.253724
0.140113
0.253724
0.253719
0.253719
0.253719
0.253719
0.253719
0.253719
0.253719
0.253719
0.331503
0.253719
0.139628
0.253724
0.139851
0.253724
0.140113
0.253724
0.140190
0.253724
0.253719
0.253719
0.253719
0.253719
0.241201
0.253724
0.241201
0.253724
0.253719
0.253719
0.253719
0.253719
0.253719
0.253719
0.140190
0.253724
0.253719
0.253719
0.024601
0.253723
0.241201
0.253724
0.241201
0.253724
0.140190
0.253724
0.253719
0.253719
0.253719
0.253719
0.139566
0.253724
0.253719
0.253719
0.241201
0.253724
0.139557
0.253724
0.140113
0.253724
0.241201
0.253724
0.024602
0.253723
0.241201
0.253724
0.253719
0.253719
0.253719
0.253719
0.140172
0.253724
0.253719
0.253719
0.024606
0.253723
0.241201
0.253724
0.024602
0.253723
0.241201
0.253724
0.253719
0.253719
0.253719
0.253719
0.140172
0.253724
0.253719
0.253719
0.140172
0.253724
0.026413
0.253723
0.139557
0.253724
0.241201
0.253724
0.140176
0.253724
0.241201
0.253724
0.253719
0.253719
0.241201
0.253724
0.241201
0.253724
0.241201
0.253724
0.241201
0.253724
0.241201
0.253724
0.140190
0.253724
0.140190
0.253724
0.024601
0.253723
0.241201
0.253724
0.253720
0.253730
0.140190
0.253724
0.253719
0.253719
0.253719
0.253719
0.253719
0.253719
0.253719
0.253719
0.253719
0.253719
0.139558
0.253724
0.140113
0.253724
0.354826
0.354826
0.354826
0.354826
0.256441
0.256441
0.253719
0.256430
0.253730
0.253730
0.253719
0.256430
0.253730
0.253719
0.253719
0.256430
0.354826
0.354826
0.354826
0.354826
0.253730
0.253719
0.253719
0.253708
0.253730
0.253719
0.253719
0.256430
0.513532
0.569956
0.253830
0.253719
0.382152
0.382152
0.382152
0.382152
0.253720
0.253719
0.253719
0.253719
0.253719
0.253719
0.253719
0.253719
0.253719
0.253719
0.026413
0.253723
0.253720
0.253719
0.253720
0.253719
0.253719
0.253719
0.253719
0.253719
0.253719
0.253719
0.253719
0.253719
0.253719
0.253719
0.253719
0.253719
0.253719
0.253719
0.253719
0.253719
0.253719
0.253719
0.253720
0.253719
0.253720
0.253719
0.253719
0.253719
0.253719
0.253719
0.253719
0.253719
0.253719
0.253719
0.139643
0.253724
0.253719
0.253719
0.253720
0.253719
0.027122
0.253723
0.024602
0.253723
0.253720
0.253719
0.139629
0.253724
0.253719
0.253719
0.257186
0.253719
0.253719
0.253719
0.253724
0.253719
0.253719
0.253719
0.253719
0.253719
0.253719
0.253719
0.253720
0.253719
0.253719
0.253719
0.504140
0.253719
0.297003
0.253719
0.504143
0.253719
0.380867
0.253719
0.504143
0.253719
0.380867
0.253719
0.253719
0.253719
0.253719
0.253719
0.253719
0.253719
0.026414
0.253723
0.402351
0.000000
0.027122
0.253723
0.139849
0.253724
0.024602
0.253723
0.402351
0.000000
0.027122
0.253723
0.253719
0.253719
0.024602
0.253723
0.241201
0.253724
0.253719
0.253719
0.253719
0.253719
0.241201
0.253724
0.139613
0.253724
0.253719
0.253719
0.241201
0.253724
0.241201
0.253724
0.402351
0.000000
0.253719
0.253719
0.402351
0.000000
0.241201
0.253724
0.027122
0.253723
0.253719
0.253719
0.253719
0.253719
0.241201
0.253724
0.253719
0.253719
0.253719
0.253719
0.139638
0.253724
0.139638
0.253724
0.402351
0