0.267067
0.266532
0.266532
0.266532
0.266532
0.266532
0.146910
0.266538
0.266533
0.266532
0.025847
0.266536
0.266532
0.266532
0.025847
0.266536
0.027747
0.266536
0.025847
0.266536
0.266532
0.266532
0.146689
0.266538
0.253382
0.266538
0.146914
0.266538
0.266533
0.266532
0.146911
0.266538
0.027746
0.266536
0.146688
0.266538
0.253382
0.266538
0.266532
0.266532
0.266532
0.266532
0.146911
0.266538
0.025847
0.266536
0.266532
0.266532
0.266532
0.266532
0.146689
0.266538
0.146914
0.266538
0.146689
0.266538
0.266532
0.266532
0.146914
0.266538
0.253382
0.266538
0.266532
0.266532
0.253382
0.266538
0.025847
0.266536
0.146911
0.266538
0.146658
0.266538
0.266532
0.266538
0.253382
0.266538
0.266532
0.266532
0.147247
0.266538
0.266532
0.266532
0.266532
0.266532
0.266532
0.266532
0.266532
0.266532
0.266532
0.266532
0.147247
0.266538
0.266532
0.266532
0.146614
0.266538
0.266532
0.266538
0.253382
0.266538
0.266532
0.266538
0.266532
0.266538
0.266532
0.266532
0.146910
0.266538
0.266533
0.266532
0.025847
0.266536
0.266532
0.266532
0.025847
0.266536
0.267809
0.266532
0.025847
0.266536
0.253381
0.266538
0.253381
0.266538
0.147189
0.266538
0.266532
0.266532
0.266532
0.266532
0.266532
0.266532
0.266532
0.266532
0.348244
0.266532
0.146679
0.266538
0.146914
0.266538
0.147189
0.266538
0.147270
0.266538
0.266532
0.266532
0.266532
0.266532
0.253382
0.266538
0.253382
0.266538
0.266532
0.266532
0.266532
0.266532
0.266532
0.266532
0.147270
0.266538
0.266532
0.266532
0.025844
0.266536
0.253381
0.266538
0.253381
0.266538
0.147270
0.266538
0.266532
0.266532
0.266532
0.266532
0.146614
0.266538
0.266532
0.266532
0.253381
0.266538
0.146605
0.266538
0.147189
0.266538
0.253382
0.266538
0.025844
0.266536
0.253382
0.266538
0.266532
0.266532
0.266532
0.266532
0.147251
0.266538
0.266532
0.266532
0.025848
0.266536
0.253382
0.266538
0.025844
0.266536
0.253382
0.266538
0.266532
0.266532
0.266532
0.266532
0.147251
0.266538
0.266532
0.266532
0.147251
0.266538
0.027747
0.266536
0.146605
0.266538
0.253382
0.266538
0.147255
0.266538
0.253382
0.266538
0.266532
0.266532
0.253382
0.266538
0.253382
0.266538
0.253382
0.266538
0.253382
0.266538
0.253381
0.266538
0.147270
0.266538
0.147269
0.266538
0.025844
0.266536
0.253381
0.266538
0.266533
0.266543
0.147270
0.266538
0.266532
0.266532
0.266532
0.266532
0.266532
0.266532
0.266532
0.266532
0.266532
0.266532
0.146606
0.266538
0.147189
0.266538
0.372745
0.372745
0.372745
0.372745
0.269391
0.269391
0.266532
0.269380
0.266543
0.266543
0.266532
0.269380
0.266543
0.266532
0.266532
0.269380
0.372745
0.372745
0.372745
0.372745
0.266543
0.266532
0.266532
0.266521
0.266543
0.266532
0.266532
0.269380
0.539465
0.598739
0.266649
0.266532
0.401451
0.401451
0.401451
0.401451
0.266533
0.266532
0.266532
0.266532
0.266532
0.266532
0.266532
0.266532
0.266532
0.266532
0.027747
0.266536
0.266533
0.266532
0.266533
0.266532
0.266532
0.266532
0.266532
0.266532
0.266532
0.266532
0.266532
0.266532
0.266532
0.266532
0.266532
0.266532
0.266532
0.266532
0.266532
0.266532
0.266532
0.266532
0.266533
0.266532
0.266533
0.266532
0.266532
0.266532
0.266532
0.266532
0.266532
0.266532
0.266532
0.266532
0.146695
0.266538
0.266532
0.266532
0.266533
0.266532
0.028467
0.266536
0.025844
0.266536
0.266533
0.266532
0.146680
0.266538
0.266532
0.266532
0.270174
0.266532
0.266532
0.266532
0.266538
0.266532
0.266532
0.266532
0.266532
0.266532
0.266532
0.266532
0.266533
0.266532
0.266532
0.266532
0.529599
0.266532
0.312002
0.266532
0.529603
0.266532
0.400101
0.266532
0.529603
0.266532
0.400101
0.266532
0.266532
0.266532
0.266532
0.266532
0.266532
0.266532
0.027747
0.266536
0.422671
0.000000
0.028467
0.266536
0.146911
0.266538
0.025844
0.266536
0.422671
0.000000
0.028467
0.266536
0.266532
0.266532
0.025844
0.266536
0.253382
0.266538
0.266532
0.266532
0.266532
0.266532
0.253382
0.266538
0.146664
0.266538
0.266532
0.266532
0.253382
0.266538
0.253382
0.266538
0.422671
0.000000
0.266532
0.266532
0.422671
0.000000
0.253382
0.266538
0.028467
0.266536
0.266532
0.266532
0.266532
0.266532
0.253382
0.266538
0.266532
0.266532
0.266532
0.266532
0.146690
0.266538
0.146690
0.266538
0.422671
0