0.000309
0.000000
0.000000
0.000000
0.229968
0.000010
0.000000
0.000000
0.000000
0.000000
0.000000
0.000000
0.229968
0.000010
0.000000
0.000000
0.001242
0.000000
0.000000
0.000000
0.229968
0.000010
0.000000
0.000000
0.000000
0.000000
0.000000
0.000000
0.000000
0.000000
0.179973
0.000010
0.180994
0.000010
0.000000
0.000000
0.007042
0.000000
0.001242
0.000000
0.000000
0.000000
0.179975
0.000010
0.001242
0.000000
0.180994
0.000010
0.000000
0.000000
0.000000
0.000000
0.001242
0.000000
0.179974
0.000010
0.229968
0.000010
0.180994
0.000010
0.229969
0.000010
0.001242
0.000000
0.229969
0.000010
0.000000
0.000000
0.001242
0.000000
0.179921
0.000010
0.000000
0.000000
0.000000
0.000010
0.229968
0.000010
0.229968
0.000010
0.229968
0.000010
0.000000
0.000010
0.000000
0.000000
0.229968
0.000010
0.000000
0.000000
0.000000
0.000000
0.000000
0.000010
0.000000
0.000000
0.000000
0.000000
0.000000
0.000000
0.229968
0.000010
0.000000
0.000000
0.000000
0.000000
0.000000
0.000010
0.000000
0.000000
0.000000
0.000000
0.001242
0.000000
0.000000
0.000000
0.229968
0.000010
0.000000
0.000000
0.000000
0.000000
0.000000
0.000000
0.179957
0.000010
0.001242
0.000000
0.182603
0.000010
0.229968
0.000010
0.000000
0.000000
0.181949
0.000010
0.000000
0.000000
0.000000
0.000000
0.229968
0.000010
0.000000
0.000000
0.229969
0.000010
0.229969
0.000010
0.179957
0.000010
0.180994
0.000010
0.229968
0.000010
0.181951
0.000010
0.182605
0.000010
0.000000
0.000000
0.182604
0.000010
0.181939
0.000010
0.181939
0.000010
0.181951
0.000010
0.000000
0.000000
0.181939
0.000010
0.182604
0.000010
0.229968
0.000010
0.229968
0.000010
0.181951
0.000010
0.000039
0.000000
0.179850
0.000010
0.179832
0.000010
0.181951
0.000010
0.329896
0.000000
0.000000
0.000000
0.182557
0.000010
0.179832
0.000010
0.179848
0.000010
0.181951
0.000010
0.000000
0.000000
0.179848
0.000010
0.182557
0.000010
0.229968
0.000010
0.229968
0.000010
0.181951
0.000010
0.000000
0.000000
0.000000
0.000000
0.182557
0.000010
0.179832
0.000010
0.179848
0.000010
0.181951
0.000010
0.000000
0.000000
0.179848
0.000010
0.182557
0.000010
0.229968
0.000010
0.229968
0.000010
0.181951
0.000010
0.182557
0.000010
0.001238
0.000000
0.001238
0.000000
0.229968
0.000010
0.141451
0.000000
0.002210
0.000000
0.000000
0.000000
0.229968
0.000010
0.179848
0.000010
0.179832
0.000010
0.229968
0.000010
0.229968
0.000010
0.182557
0.000010
0.000000
0.000010
0.000000
0.000000
0.182557
0.000010
0.000000
0.000000
0.000000
0.000000
0.000000
0.000000
0.182605
0.000010
0.229969
0.000010
0.182557
0.000010
0.000000
0.000000
0.182605
0.000010
0.229969
0.000010
0.181952
0.000010
0.000000
0.000000
0.182557
0.000010
0.000000
0.000000
0.000000
0.000000
0.000000
0.000000
0.182605
0.000010
0.179840
0.000010
0.182557
0.000010
0.000000
0.000000
0.000000
0.000000
0.182605
0.000010
0.229968
0.000010
0.000000
0.000000
0.229968
0.000010
0.141451
0.000000
0.001238
0.000000
0.000000
0.000000
0.000000
0.000000
0.179833
0.000010
0.182557
0.000010
0.000000
0.000000
0.000000
0.000000
0.000000
0.000000
0.000000
0.000000
0.000000
0.000000
0.000000
0.000000
0.000000
0.000000
0.000000
0.000000
0.000000
0.000000
0.000000
0.000000
0.000000
0.000000
0.001862
0.000000
0.001238
0.000000
0.229969
0.000010
0.000000
0.000000
0.000000
0.000000
0.229969
0.000010
0.181958
0.000010
0.000000
0.000000
0.181958
0.000010
0.000000
0.000000
0.179833
0.000010
0.229969
0.000010
0.181967
0.000010
0.000019
0.000000
0.007042
0.000000
0.180993
0.000010
0.000039
0.000000
0.007043
0.000000
0.000000
0.000000
0.000038
0.000000
0.179983
0.000010
0.000000
0.000000
0.000000
0.000000
0.000000
0.000000
0.007042
0.000000
0.180993
0.000010
0.000040
0.000000
0.007042
0.000000
0.000000
0.000000
0.000039
0.000000
0.179983
0.000010
0.000000
0.000000
0.000000
0.000000
0.000000
0.000000
0.007042
0.000000
0.000000
0.000000
0.000000
0.000000
0.229969
0.000010
0.000000
0.000000
0.000000
0.000000
0.179987
0.000010
0.000000
0.000000
0.000000
0.000000
0.000000
0.000000
0.007042
0.000000
0.000000
0.000000
0.001238
0.000000
0.229969
0.000010
0.000000
0.000000
0.000000
0.000000
0.179987
0.000010
0.000000
0.000000
0.000000
0.000000
0.000000
0.000000
0.000000
0.000000
0.007042
0.000000
0.007042
0.000000
0.000000
0.000000
0.001238
0.000000
0.229969
0.000010
0.179959
0.000010
0.000000
0.000000
0.229969
0.000010
0.001238
0.000000
0.001239
0.000000
0.516963
0.472491
0.229969
0.000010
0.229969
0.000010
0.000000
0.000000
0.000000
0.000000
0.007042
0.000000
0.482389
0.234895
0.571121
0.566282
0.472472
0.575080
0.000009
0.000000
0.287227
0.000000
0.455424
0.000000
0.287227
0.000000
0.455424
0.000000
0.287227
0.000000
0.000000
0.000000
0.000000
0.054215
0.213878
0.053470
0.011016
0.040653
0.041186
0.040653
0.000000
0.131579
0.260620
0.130310
1.000000
0.234809
0.214590
0.234809
0.000000
0.000059
0.000118
0.000059
0.000011
0.000049
0.000049
0.000049
