0.170609
0.166148
0.166148
0.166148
0.332296
0.166155
0.166148
0.166148
0.166148
0.166148
0.166148
0.166148
0.332296
0.166155
0.166148
0.166148
0.167046
0.166148
0.166148
0.166148
0.332296
0.166155
0.166148
0.166148
0.166148
0.166148
0.166148
0.166148
0.166148
0.166148
0.296175
0.166155
0.296913
0.166155
0.166148
0.166148
0.171235
0.166148
0.167046
0.166148
0.166148
0.166148
0.296177
0.166155
0.167046
0.166148
0.296913
0.166155
0.166148
0.166148
0.166148
0.166148
0.167046
0.166148
0.296176
0.166155
0.332296
0.166155
0.296913
0.166155
0.332296
0.166155
0.167046
0.166148
0.332296
0.166155
0.166148
0.166148
0.167046
0.166148
0.296138
0.166155
0.166148
0.166148
0.166148
0.166155
0.332296
0.166155
0.332296
0.166155
0.332296
0.166155
0.166148
0.166155
0.166148
0.166148
0.332296
0.166155
0.166148
0.166148
0.166148
0.166148
0.166148
0.166155
0.166148
0.166148
0.166148
0.166148
0.166148
0.166148
0.332296
0.166155
0.166148
0.166148
0.166148
0.166148
0.166148
0.166155
0.166148
0.166148
0.166148
0.166148
0.167046
0.166148
0.166148
0.166148
0.332296
0.166155
0.166148
0.166148
0.166148
0.166148
0.166148
0.166148
0.296164
0.166155
0.167046
0.166148
0.298075
0.166155
0.332296
0.166155
0.166148
0.166148
0.297603
0.166155
0.166148
0.166148
0.166148
0.166148
0.332296
0.166155
0.166148
0.166148
0.332296
0.166155
0.332296
0.166155
0.296164
0.166155
0.296913
0.166155
0.332296
0.166155
0.297604
0.166155
0.298076
0.166155
0.166148
0.166148
0.298076
0.166155
0.297595
0.166155
0.297596
0.166155
0.297604
0.166155
0.166148
0.166148
0.297596
0.166155
0.298076
0.166155
0.332296
0.166155
0.332296
0.166155
0.297604
0.166155
0.166176
0.166148
0.296086
0.166155
0.296073
0.166155
0.297604
0.166155
0.404492
0.166148
0.166148
0.166148
0.298042
0.166155
0.296073
0.166155
0.296085
0.166155
0.297604
0.166155
0.166148
0.166148
0.296085
0.166155
0.298042
0.166155
0.332296
0.166155
0.332296
0.166155
0.297604
0.166155
0.166148
0.166148
0.166148
0.166148
0.298042
0.166155
0.296073
0.166155
0.296085
0.166155
0.297604
0.166155
0.166148
0.166148
0.296085
0.166155
0.298042
0.166155
0.332296
0.166155
0.332296
0.166155
0.297604
0.166155
0.298042
0.166155
0.167042
0.166148
0.167042
0.166148
0.332296
0.166155
0.268343
0.166148
0.167745
0.166148
0.166148
0.166148
0.332296
0.166155
0.296085
0.166155
0.296073
0.166155
0.332296
0.166155
0.332296
0.166155
0.298042
0.166155
0.166148
0.166155
0.166148
0.166148
0.298042
0.166155
0.166148
0.166148
0.166148
0.166148
0.166148
0.166148
0.298077
0.166155
0.332296
0.166155
0.298042
0.166155
0.166148
0.166148
0.298076
0.166155
0.332296
0.166155
0.297605
0.166155
0.166148
0.166148
0.298042
0.166155
0.166148
0.166148
0.166148
0.166148
0.166148
0.166148
0.298076
0.166155
0.296079
0.166155
0.298042
0.166155
0.166148
0.166148
0.166148
0.166148
0.298077
0.166155
0.332296
0.166155
0.166150
0.166148
0.166149
0.166148
0.332296
0.166155
0.167042
0.166148
0.166148
0.166148
0.166148
0.166148
0.000000
0.166141
0.332296
0.166155
0.166148
0.166148
0.166148
0.166148
0.166148
0.166148
0.166148
0.166148
0.166148
0.166148
0.166148
0.166148
0.166148
0.166148
0.166148
0.166148
0.166148
0.166148
0.166148
0.166148
0.166148
0.166148
0.167493
0.166148
0.167043
0.166148
0.296912
0.166155
0.166149
0.166148
0.166148
0.166148
0.166148
0.166148
0.166148
0.166148
0.166148
0.166148
0.296185
0.166155
0.166148
0.166148
0.166149
0.166148
0.166149
0.166148
0.296165
0.166155
0.166148
0.166148
0.167246
0.166148
0.166148
0.166148
0.166155
0.166148
0.166148
0.166148
0.166148
0.166148
0.166148
0.166148
0.166149
0.166148
0.166148
0.166148
0.495183
0.166148
0.215141
0.166148
0.495183
0.166148
0.215138
0.166148
0.495183
0.166148
0.215138
0.166148
0.166148
0.166148
0.166148
0.166148
0.166148
0.166148
0.167043
0.166148
0.332296
0.166155
0.166148
0.166148
0.172176
0.166148
0.166148
0.166148
0.166148
0.166148
0.332296
0.166155
0.166148
0.166148
0.166148
0.166148
0.296185
0.166155
0.166148
0.166148
0.332296
0.166155
0.332296
0.166155
0.172176
0.166148
0.166148
0.166148
0.167043
0.166148
0.332296
0.166155
0.166148
0.166148
0.166148
0.166148
0.296185
0.166155
0.166148
0.166148
0.166148
0.166148
0.166148
0.166148
0.166148
0.166148
0.172176
0.166148
0.172176
0.166148
0.166148
0.166148
0.167043
0.166148
0.332296
0.166155
0.296165
0.166155
0.166148
0.166148
0.332296
0.166155
0.167043
0.166148
0.167043
0.166148
0.539644
0.507514
0.332296
0.166155
0.332296
0.166155
0.166148
0.166148
0.166148
0.166148
0.172176
0.166148
0.514665
0.335855
0.578772
0.575276
0.507500
0.581633
0.166154
0.166148
0.373664
0.166148
0.495183
0.166148
0.373664
0.166148
0.495183
0.166148
0.373664
0.166148
0.166148
0.166148
0.166148
0.206954
0.335294
0.208434
0.171944
0.197805
0.198690
0.197805
0.166148
0.255902
0.313795
0.239972
1.000000
0.313784
0.300359
0.313784
0.166148
0.166196
0.166247
0.166197
0.166156
0.166189
0.166190
0.166189
