0.310741
0.302443
0.302443
0.302443
0.302443
0.302443
0.166704
0.302449
0.302444
0.302443
0.029329
0.302447
0.302443
0.302443
0.029329
0.302447
0.031485
0.302447
0.029329
0.302447
0.302443
0.302443
0.166453
0.302449
0.287521
0.302449
0.166708
0.302449
0.302444
0.302443
0.166705
0.302449
0.031485
0.302447
0.166452
0.302449
0.287521
0.302449
0.302443
0.302443
0.302443
0.302443
0.166705
0.302449
0.029329
0.302447
0.302443
0.302443
0.302443
0.302443
0.166453
0.302449
0.166708
0.302449
0.166453
0.302449
0.302443
0.302443
0.166708
0.302449
0.287521
0.302449
0.302443
0.302443
0.287521
0.302449
0.029329
0.302447
0.166705
0.302449
0.166418
0.302449
0.302443
0.302449
0.287521
0.302449
0.302443
0.302443
0.167086
0.302449
0.302443
0.302443
0.302443
0.302443
0.302443
0.302443
0.302443
0.302443
0.302443
0.302443
0.167087
0.302449
0.302443
0.302443
0.166368
0.302449
0.302443
0.302449
0.287521
0.302449
0.302443
0.302449
0.302443
0.302449
0.302443
0.302443
0.166704
0.302449
0.302444
0.302443
0.029329
0.302447
0.302443
0.302443
0.029329
0.302447
0.303892
0.302443
0.029329
0.302447
0.287521
0.302449
0.287521
0.302449
0.167021
0.302449
0.302443
0.302443
0.302443
0.302443
0.302443
0.302443
0.302443
0.302443
0.395164
0.302443
0.166442
0.302449
0.166708
0.302449
0.167021
0.302449
0.167112
0.302449
0.302443
0.302443
0.302443
0.302443
0.287521
0.302449
0.287521
0.302449
0.302443
0.302443
0.302443
0.302443
0.302443
0.302443
0.167112
0.302449
0.302443
0.302443
0.029326
0.302447
0.287521
0.302449
0.287521
0.302449
0.167112
0.302449
0.302443
0.302443
0.302443
0.302443
0.166368
0.302449
0.302443
0.302443
0.287521
0.302449
0.166358
0.302449
0.167020
0.302449
0.287521
0.302449
0.029326
0.302447
0.287521
0.302449
0.302443
0.302443
0.302443
0.302443
0.167091
0.302449
0.302443
0.302443
0.029331
0.302447
0.287521
0.302449
0.029326
0.302447
0.287521
0.302449
0.302443
0.302443
0.302443
0.302443
0.167091
0.302449
0.302443
0.302443
0.167091
0.302449
0.031485
0.302447
0.166358
0.302449
0.287521
0.302449
0.167096
0.302449
0.287521
0.302449
0.302443
0.302443
0.287521
0.302449
0.287521
0.302449
0.287521
0.302449
0.287521
0.302449
0.287521
0.302449
0.167112
0.302449
0.167112
0.302449
0.029326
0.302447
0.287521
0.302449
0.302445
0.302456
0.167112
0.302449
0.302443
0.302443
0.302443
0.302443
0.302443
0.302443
0.302443
0.302443
0.302443
0.302443
0.166359
0.302449
0.167020
0.302449
0.422967
0.422967
0.422967
0.422967
0.305688
0.305688
0.302443
0.305675
0.302456
0.302456
0.302443
0.305675
0.302456
0.302443
0.302443
0.305675
0.422967
0.422967
0.422967
0.422967
0.302456
0.302443
0.302443
0.302430
0.302456
0.302443
0.302443
0.305675
0.612150
0.679410
0.302576
0.302443
0.455541
0.455541
0.455541
0.455541
0.302444
0.302443
0.302443
0.302443
0.302443
0.302443
0.302443
0.302443
0.302443
0.302443
0.031485
0.302447
0.302444
0.302443
0.302444
0.302443
0.302443
0.302443
0.302443
0.302443
0.302443
0.302443
0.302443
0.302443
0.302443
0.302443
0.302443
0.302443
0.302443
0.302443
0.302443
0.302443
0.302443
0.302443
0.302444
0.302443
0.302444
0.302443
0.302443
0.302443
0.302443
0.302443
0.302443
0.302443
0.302443
0.302443
0.166460
0.302449
0.302443
0.302443
0.302444
0.302443
0.032338
0.302447
0.029326
0.302447
0.302444
0.302443
0.166443
0.302449
0.302443
0.302443
0.306575
0.302443
0.302443
0.302443
0.302450
0.302443
0.302443
0.302443
0.302443
0.302443
0.302443
0.302443
0.302444
0.302443
0.302443
0.302443
0.600955
0.302443
0.354039
0.302443
0.600959
0.302443
0.454009
0.302443
0.600959
0.302443
0.454009
0.302443
0.302443
0.302443
0.302443
0.302443
0.302443
0.302443
0.031486
0.302447
0.479619
0.000000
0.032338
0.302447
0.166705
0.302449
0.029326
0.302447
0.479619
0.000000
0.032338
0.302447
0.302443
0.302443
0.029326
0.302447
0.287521
0.302449
0.302443
0.302443
0.302443
0.302443
0.287521
0.302449
0.166425
0.302449
0.302443
0.302443
0.287521
0.302449
0.287521
0.302449
0.479619
0.000000
0.302443
0.302443
0.479619
0.000000
0.287521
0.302449
0.032338
0.302447
0.302443
0.302443
0.302443
0.302443
0.287521
0.302449
0.302443
0.302443
0.302443
0.302443
0.166454
0.302449
0.166454
0.302449
0.479619
0