0.274514
0.271786
0.271786
0.271786
0.271786
0.271786
0.149806
0.271792
0.271787
0.271786
0.026356
0.271790
0.271786
0.271786
0.026356
0.271790
0.028294
0.271790
0.026356
0.271790
0.271786
0.271786
0.149580
0.271792
0.258376
0.271792
0.149810
0.271792
0.271787
0.271786
0.149807
0.271792
0.028293
0.271790
0.149580
0.271792
0.258376
0.271792
0.271786
0.271786
0.271786
0.271786
0.149807
0.271792
0.026356
0.271790
0.271786
0.271786
0.271786
0.271786
0.149581
0.271792
0.149810
0.271792
0.149580
0.271792
0.271786
0.271786
0.149810
0.271792
0.258376
0.271792
0.271786
0.271786
0.258376
0.271792
0.026356
0.271790
0.149807
0.271792
0.149549
0.271792
0.271786
0.271792
0.258376
0.271792
0.271786
0.271786
0.150150
0.271792
0.271786
0.271786
0.271786
0.271786
0.271786
0.271786
0.271786
0.271786
0.271786
0.271786
0.150150
0.271792
0.271786
0.271786
0.149504
0.271792
0.271786
0.271792
0.258376
0.271792
0.271786
0.271792
0.271786
0.271792
0.271786
0.271786
0.149806
0.271792
0.271787
0.271786
0.026356
0.271790
0.271786
0.271786
0.026356
0.271790
0.273088
0.271786
0.026356
0.271790
0.258376
0.271792
0.258376
0.271792
0.150091
0.271792
0.271786
0.271786
0.271786
0.271786
0.271786
0.271786
0.271786
0.271786
0.355109
0.271786
0.149570
0.271792
0.149810
0.271792
0.150091
0.271792
0.150173
0.271792
0.271786
0.271786
0.271786
0.271786
0.258376
0.271792
0.258376
0.271792
0.271786
0.271786
0.271786
0.271786
0.271786
0.271786
0.150173
0.271792
0.271786
0.271786
0.026353
0.271790
0.258376
0.271792
0.258376
0.271792
0.150173
0.271792
0.271786
0.271786
0.271786
0.271786
0.149504
0.271792
0.271786
0.271786
0.258376
0.271792
0.149495
0.271792
0.150090
0.271792
0.258376
0.271792
0.026354
0.271790
0.258376
0.271792
0.271786
0.271786
0.271786
0.271786
0.150153
0.271792
0.271786
0.271786
0.026358
0.271790
0.258376
0.271792
0.026354
0.271790
0.258376
0.271792
0.271786
0.271786
0.271786
0.271786
0.150153
0.271792
0.271786
0.271786
0.150153
0.271792
0.028294
0.271790
0.149495
0.271792
0.258376
0.271792
0.150158
0.271792
0.258376
0.271792
0.271786
0.271786
0.258376
0.271792
0.258376
0.271792
0.258376
0.271792
0.258376
0.271792
0.258376
0.271792
0.150173
0.271792
0.150172
0.271792
0.026353
0.271790
0.258376
0.271792
0.271787
0.271797
0.150173
0.271792
0.271786
0.271786
0.271786
0.271786
0.271786
0.271786
0.271786
0.271786
0.271786
0.271786
0.149496
0.271792
0.150090
0.271792
0.380093
0.380093
0.380093
0.380093
0.274702
0.274702
0.271786
0.274690
0.271797
0.271797
0.271786
0.274690
0.271797
0.271786
0.271786
0.274690
0.380093
0.380093
0.380093
0.380093
0.271797
0.271786
0.271786
0.271775
0.271797
0.271786
0.271786
0.274690
0.550099
0.610542
0.271905
0.271786
0.409365
0.409365
0.409365
0.409365
0.271787
0.271786
0.271786
0.271786
0.271786
0.271786
0.271786
0.271786
0.271786
0.271786
0.028294
0.271790
0.271787
0.271786
0.271787
0.271786
0.271786
0.271786
0.271786
0.271786
0.271786
0.271786
0.271786
0.271786
0.271786
0.271786
0.271786
0.271786
0.271786
0.271786
0.271786
0.271786
0.271786
0.271786
0.271787
0.271786
0.271787
0.271786
0.271786
0.271786
0.271786
0.271786
0.271786
0.271786
0.271786
0.271786
0.149587
0.271792
0.271786
0.271786
0.271787
0.271786
0.029039
0.271790
0.026354
0.271790
0.271787
0.271786
0.149572
0.271792
0.271786
0.271786
0.275499
0.271786
0.271786
0.271786
0.271792
0.271786
0.271786
0.271786
0.271786
0.271786
0.271786
0.271786
0.271787
0.271786
0.271786
0.271786
0.540039
0.271786
0.318152
0.271786
0.540043
0.271786
0.407988
0.271786
0.540043
0.271786
0.407988
0.271786
0.271786
0.271786
0.271786
0.271786
0.271786
0.271786
0.028294
0.271790
0.431002
0.000000
0.029039
0.271790
0.149807
0.271792
0.026354
0.271790
0.431002
0.000000
0.029039
0.271790
0.271786
0.271786
0.026354
0.271790
0.258376
0.271792
0.271786
0.271786
0.271786
0.271786
0.258376
0.271792
0.149555
0.271792
0.271786
0.271786
0.258376
0.271792
0.258376
0.271792
0.431002
0.000000
0.271786
0.271786
0.431002
0.000000
0.258376
0.271792
0.029039
0.271790
0.271786
0.271786
0.271786
0.271786
0.258376
0.271792
0.271786
0.271786
0.271786
0.271786
0.149582
0.271792
0.149581
0.271792
0.431002
0