0.189953
0.183785
0.183785
0.183785
0.367569
0.183792
0.183785
0.183785
0.183785
0.183785
0.183785
0.183785
0.367569
0.183792
0.183785
0.183785
0.184777
0.183785
0.183785
0.183785
0.367569
0.183792
0.183785
0.183785
0.183785
0.183785
0.183785
0.183785
0.183785
0.183785
0.327614
0.183792
0.328430
0.183792
0.183785
0.183785
0.189412
0.183785
0.184777
0.183785
0.183785
0.183785
0.327616
0.183792
0.184777
0.183785
0.328430
0.183792
0.183785
0.183785
0.183785
0.183785
0.184777
0.183785
0.327615
0.183792
0.367569
0.183792
0.328430
0.183792
0.367569
0.183792
0.184777
0.183785
0.367569
0.183792
0.183785
0.183785
0.184777
0.183785
0.327573
0.183792
0.183785
0.183785
0.183785
0.183792
0.367569
0.183792
0.367569
0.183792
0.367569
0.183792
0.183785
0.183792
0.183785
0.183785
0.367569
0.183792
0.183785
0.183785
0.183785
0.183785
0.183785
0.183792
0.183785
0.183785
0.183785
0.183785
0.183785
0.183785
0.367569
0.183792
0.183785
0.183785
0.183785
0.183785
0.183785
0.183792
0.183785
0.183785
0.183785
0.183785
0.184777
0.183785
0.183785
0.183785
0.367569
0.183792
0.183785
0.183785
0.183785
0.183785
0.183785
0.183785
0.327601
0.183792
0.184777
0.183785
0.329716
0.183792
0.367569
0.183792
0.183785
0.183785
0.329193
0.183792
0.183785
0.183785
0.183785
0.183785
0.367569
0.183792
0.183785
0.183785
0.367569
0.183792
0.367569
0.183792
0.327601
0.183792
0.328430
0.183792
0.367569
0.183792
0.329194
0.183792
0.329717
0.183792
0.183785
0.183785
0.329717
0.183792
0.329185
0.183792
0.329185
0.183792
0.329195
0.183792
0.183785
0.183785
0.329185
0.183792
0.329717
0.183792
0.367569
0.183792
0.367569
0.183792
0.329195
0.183792
0.183816
0.183785
0.327516
0.183792
0.327501
0.183792
0.329194
0.183792
0.447428
0.183785
0.183785
0.183785
0.329679
0.183792
0.327501
0.183792
0.327514
0.183792
0.329195
0.183792
0.183785
0.183785
0.327514
0.183792
0.329679
0.183792
0.367569
0.183792
0.367569
0.183792
0.329194
0.183792
0.183785
0.183785
0.183785
0.183785
0.329679
0.183792
0.327501
0.183792
0.327514
0.183792
0.329195
0.183792
0.183785
0.183785
0.327514
0.183792
0.329679
0.183792
0.367569
0.183792
0.367569
0.183792
0.329195
0.183792
0.329679
0.183792
0.184774
0.183785
0.184774
0.183785
0.367569
0.183792
0.296828
0.183785
0.185551
0.183785
0.183785
0.183785
0.367569
0.183792
0.327514
0.183792
0.327501
0.183792
0.367569
0.183792
0.367569
0.183792
0.329679
0.183792
0.183785
0.183792
0.183785
0.183785
0.329679
0.183792
0.183785
0.183785
0.183785
0.183785
0.183785
0.183785
0.329717
0.183792
0.367569
0.183792
0.329679
0.183792
0.183785
0.183785
0.329717
0.183792
0.367569
0.183792
0.329195
0.183792
0.183785
0.183785
0.329679
0.183792
0.183785
0.183785
0.183785
0.183785
0.183785
0.183785
0.329717
0.183792
0.327508
0.183792
0.329679
0.183792
0.183785
0.183785
0.183785
0.183785
0.329717
0.183792
0.367569
0.183792
0.183786
0.183785
0.183786
0.183785
0.367569
0.183792
0.184774
0.183785
0.183785
0.183785
0.183785
0.183785
0.000000
0.183777
0.367569
0.183792
0.183785
0.183785
0.183785
0.183785
0.183785
0.183785
0.183785
0.183785
0.183785
0.183785
0.183785
0.183785
0.183785
0.183785
0.183785
0.183785
0.183785
0.183785
0.183785
0.183785
0.183785
0.183785
0.185273
0.183785
0.184774
0.183785
0.328429
0.183792
0.183786
0.183785
0.183785
0.183785
0.183785
0.183785
0.183785
0.183785
0.183785
0.183785
0.327625
0.183792
0.183785
0.183785
0.183786
0.183785
0.183786
0.183785
0.327603
0.183792
0.183785
0.183785
0.184999
0.183785
0.183785
0.183785
0.183792
0.183785
0.183785
0.183785
0.183785
0.183785
0.183785
0.183785
0.183786
0.183785
0.183785
0.183785
0.547747
0.183785
0.237979
0.183785
0.547747
0.183785
0.237975
0.183785
0.547747
0.183785
0.237975
0.183785
0.183785
0.183785
0.183785
0.183785
0.183785
0.183785
0.184774
0.183785
0.367569
0.183792
0.183785
0.183785
0.190433
0.183785
0.183785
0.183785
0.183785
0.183785
0.367569
0.183792
0.183785
0.183785
0.183785
0.183785
0.327626
0.183792
0.183785
0.183785
0.367569
0.183792
0.367569
0.183792
0.190433
0.183785
0.183785
0.183785
0.184774
0.183785
0.367569
0.183792
0.183785
0.183785
0.183785
0.183785
0.327626
0.183792
0.183785
0.183785
0.183785
0.183785
0.183785
0.183785
0.183785
0.183785
0.190433
0.183785
0.190433
0.183785
0.183785
0.183785
0.184774
0.183785
0.367569
0.183792
0.327603
0.183792
0.183785
0.183785
0.367569
0.183792
0.184774
0.183785
0.184775
0.183785
0.596927
0.561386
0.367569
0.183792
0.367569
0.183792
0.183785
0.183785
0.183785
0.183785
0.190433
0.183785
0.569297
0.371506
0.640209
0.636342
0.561371
0.643373
0.183792
0.183785
0.413328
0.183785
0.547747
0.183785
0.413328
0.183785
0.547747
0.183785
0.413328
0.183785
0.183785
0.183785
0.183785
0.233989
0.380445
0.232950
0.189616
0.222437
0.221607
0.222437
0.183785
0.248980
0.350552
0.267168
1.000000
0.284349
0.339360
0.284349
0.183785
0.183841
0.183897
0.183841
0.183792
0.183833
0.183832
0.183833
