0.159544
0.156807
0.156807
0.156807
0.313614
0.156814
0.156807
0.156807
0.156807
0.156807
0.156807
0.156807
0.313614
0.156814
0.156807
0.156807
0.157654
0.156807
0.156807
0.156807
0.313614
0.156814
0.156807
0.156807
0.156807
0.156807
0.156807
0.156807
0.156807
0.156807
0.279525
0.156814
0.280221
0.156814
0.156807
0.156807
0.161609
0.156807
0.157654
0.156807
0.156807
0.156807
0.279526
0.156814
0.157654
0.156807
0.280221
0.156814
0.156807
0.156807
0.156807
0.156807
0.157654
0.156807
0.279525
0.156814
0.313614
0.156814
0.280221
0.156814
0.313615
0.156814
0.157654
0.156807
0.313615
0.156814
0.156807
0.156807
0.157654
0.156807
0.279489
0.156814
0.156807
0.156807
0.156807
0.156814
0.313614
0.156814
0.313614
0.156814
0.313614
0.156814
0.156807
0.156814
0.156807
0.156807
0.313614
0.156814
0.156807
0.156807
0.156807
0.156807
0.156807
0.156814
0.156807
0.156807
0.156807
0.156807
0.156807
0.156807
0.313614
0.156814
0.156807
0.156807
0.156807
0.156807
0.156807
0.156814
0.156807
0.156807
0.156807
0.156807
0.157654
0.156807
0.156807
0.156807
0.313614
0.156814
0.156807
0.156807
0.156807
0.156807
0.156807
0.156807
0.279513
0.156814
0.157654
0.156807
0.281318
0.156814
0.313614
0.156814
0.156807
0.156807
0.280872
0.156814
0.156807
0.156807
0.156807
0.156807
0.313614
0.156814
0.156807
0.156807
0.313615
0.156814
0.313615
0.156814
0.279513
0.156814
0.280221
0.156814
0.313614
0.156814
0.280873
0.156814
0.281319
0.156814
0.156807
0.156807
0.281318
0.156814
0.280865
0.156814
0.280865
0.156814
0.280873
0.156814
0.156807
0.156807
0.280865
0.156814
0.281318
0.156814
0.313614
0.156814
0.313614
0.156814
0.280873
0.156814
0.156834
0.156807
0.279440
0.156814
0.279428
0.156814
0.280873
0.156814
0.381751
0.156807
0.156807
0.156807
0.281286
0.156814
0.279428
0.156814
0.279439
0.156814
0.280873
0.156814
0.156807
0.156807
0.279439
0.156814
0.281286
0.156814
0.313614
0.156814
0.313614
0.156814
0.280873
0.156814
0.156807
0.156807
0.156807
0.156807
0.281286
0.156814
0.279428
0.156814
0.279439
0.156814
0.280873
0.156814
0.156807
0.156807
0.279439
0.156814
0.281286
0.156814
0.313614
0.156814
0.313614
0.156814
0.280873
0.156814
0.281286
0.156814
0.157651
0.156807
0.157651
0.156807
0.313614
0.156814
0.253257
0.156807
0.158314
0.156807
0.156807
0.156807
0.313614
0.156814
0.279439
0.156814
0.279428
0.156814
0.313614
0.156814
0.313614
0.156814
0.281286
0.156814
0.156807
0.156814
0.156807
0.156807
0.281286
0.156814
0.156807
0.156807
0.156807
0.156807
0.156807
0.156807
0.281319
0.156814
0.313614
0.156814
0.281286
0.156814
0.156807
0.156807
0.281319
0.156814
0.313615
0.156814
0.280873
0.156814
0.156807
0.156807
0.281286
0.156814
0.156807
0.156807
0.156807
0.156807
0.156807
0.156807
0.281319
0.156814
0.279434
0.156814
0.281286
0.156814
0.156807
0.156807
0.156807
0.156807
0.281319
0.156814
0.313614
0.156814
0.156809
0.156807
0.156808
0.156807
0.313614
0.156814
0.157651
0.156807
0.156807
0.156807
0.156807
0.156807
0.000000
0.156801
0.313614
0.156814
0.156807
0.156807
0.156807
0.156807
0.156807
0.156807
0.156807
0.156807
0.156807
0.156807
0.156807
0.156807
0.156807
0.156807
0.156807
0.156807
0.156807
0.156807
0.156807
0.156807
0.156807
0.156807
0.158077
0.156807
0.157652
0.156807
0.280220
0.156814
0.156808
0.156807
0.156807
0.156807
0.156807
0.156807
0.156807
0.156807
0.156807
0.156807
0.279534
0.156814
0.156807
0.156807
0.156808
0.156807
0.156808
0.156807
0.279515
0.156814
0.156808
0.156807
0.157843
0.156807
0.156807
0.156807
0.156814
0.156807
0.156807
0.156807
0.156807
0.156807
0.156808
0.156807
0.156808
0.156807
0.156807
0.156807
0.467344
0.156807
0.203046
0.156807
0.467344
0.156807
0.203043
0.156807
0.467344
0.156807
0.203043
0.156807
0.156807
0.156807
0.156807
0.156807
0.156807
0.156807
0.157652
0.156807
0.313615
0.156814
0.156807
0.156807
0.162484
0.156807
0.156807
0.156807
0.156807
0.156807
0.313615
0.156814
0.156807
0.156807
0.156807
0.156807
0.279534
0.156814
0.156807
0.156807
0.313615
0.156814
0.313615
0.156814
0.162484
0.156807
0.156807
0.156807
0.157652
0.156807
0.313615
0.156814
0.156807
0.156807
0.156807
0.156807
0.279534
0.156814
0.156807
0.156807
0.156807
0.156807
0.156807
0.156807
0.156807
0.156807
0.162484
0.156807
0.162484
0.156807
0.156807
0.156807
0.157652
0.156807
0.313615
0.156814
0.279515
0.156814
0.156807
0.156807
0.313615
0.156814
0.157652
0.156807
0.157652
0.156807
0.509306
0.478982
0.313615
0.156814
0.313615
0.156814
0.156807
0.156807
0.156807
0.156807
0.162484
0.156807
0.485731
0.316974
0.546234
0.542935
0.478969
0.548934
0.156813
0.156807
0.352657
0.156807
0.467344
0.156807
0.352657
0.156807
0.467344
0.156807
0.352657
0.156807
0.156807
0.156807
0.156807
0.179372
0.244213
0.178659
0.160055
0.172983
0.173896
0.172983
0.156807
0.304683
0.373342
0.265075
1.000000
0.393669
0.365772
0.393669
0.156807
0.156844
0.156879
0.156843
0.156813
0.156836
0.156838
0.156836
