0.173551
0.163871
0.163871
0.163871
0.327741
0.163877
0.163871
0.163871
0.163871
0.163871
0.163871
0.163871
0.327741
0.163877
0.163871
0.163871
0.164756
0.163871
0.163871
0.163871
0.327741
0.163877
0.163871
0.163871
0.163871
0.163871
0.163871
0.163871
0.163871
0.163871
0.292116
0.163877
0.292843
0.163877
0.163871
0.163871
0.168888
0.163871
0.164756
0.163871
0.163871
0.163871
0.292117
0.163877
0.164756
0.163871
0.292843
0.163877
0.163871
0.163871
0.163871
0.163871
0.164756
0.163871
0.292116
0.163877
0.327741
0.163877
0.292843
0.163877
0.327741
0.163877
0.164756
0.163871
0.327741
0.163877
0.163871
0.163871
0.164756
0.163871
0.292079
0.163877
0.163871
0.163871
0.163871
0.163877
0.327741
0.163877
0.327741
0.163877
0.327741
0.163877
0.163871
0.163877
0.163871
0.163871
0.327741
0.163877
0.163871
0.163871
0.163871
0.163871
0.163871
0.163877
0.163871
0.163871
0.163871
0.163871
0.163871
0.163871
0.327741
0.163877
0.163871
0.163871
0.163871
0.163871
0.163871
0.163877
0.163871
0.163871
0.163871
0.163871
0.164756
0.163871
0.163871
0.163871
0.327741
0.163877
0.163871
0.163871
0.163871
0.163871
0.163871
0.163871
0.292104
0.163877
0.164756
0.163871
0.293990
0.163877
0.327741
0.163877
0.163871
0.163871
0.293524
0.163877
0.163871
0.163871
0.163871
0.163871
0.327741
0.163877
0.163871
0.163871
0.327741
0.163877
0.327741
0.163877
0.292104
0.163877
0.292843
0.163877
0.327741
0.163877
0.293525
0.163877
0.293991
0.163877
0.163871
0.163871
0.293990
0.163877
0.293516
0.163877
0.293516
0.163877
0.293525
0.163877
0.163871
0.163871
0.293516
0.163877
0.293990
0.163877
0.327741
0.163877
0.327741
0.163877
0.293525
0.163877
0.163899
0.163871
0.292028
0.163877
0.292015
0.163877
0.293525
0.163877
0.398947
0.163871
0.163871
0.163871
0.293956
0.163877
0.292015
0.163877
0.292026
0.163877
0.293525
0.163877
0.163871
0.163871
0.292026
0.163877
0.293956
0.163877
0.327741
0.163877
0.327741
0.163877
0.293525
0.163877
0.163871
0.163871
0.163871
0.163871
0.293956
0.163877
0.292015
0.163877
0.292026
0.163877
0.293525
0.163877
0.163871
0.163871
0.292026
0.163877
0.293956
0.163877
0.327741
0.163877
0.327741
0.163877
0.293525
0.163877
0.293957
0.163877
0.164753
0.163871
0.164753
0.163871
0.327741
0.163877
0.264665
0.163871
0.165446
0.163871
0.163871
0.163871
0.327741
0.163877
0.292026
0.163877
0.292015
0.163877
0.327741
0.163877
0.327741
0.163877
0.293957
0.163877
0.163871
0.163877
0.163871
0.163871
0.293957
0.163877
0.163871
0.163871
0.163871
0.163871
0.163871
0.163871
0.293991
0.163877
0.327741
0.163877
0.293957
0.163877
0.163871
0.163871
0.293991
0.163877
0.327741
0.163877
0.293525
0.163877
0.163871
0.163871
0.293957
0.163877
0.163871
0.163871
0.163871
0.163871
0.163871
0.163871
0.293991
0.163877
0.292021
0.163877
0.293956
0.163877
0.163871
0.163871
0.163871
0.163871
0.293991
0.163877
0.327741
0.163877
0.163872
0.163871
0.163871
0.163871
0.327741
0.163877
0.164753
0.163871
0.163871
0.163871
0.163871
0.163871
0.000000
0.163864
0.327741
0.163877
0.163871
0.163871
0.163871
0.163871
0.163871
0.163871
0.163871
0.163871
0.163871
0.163871
0.163871
0.163871
0.163871
0.163871
0.163871
0.163871
0.163871
0.163871
0.163871
0.163871
0.163871
0.163871
0.165198
0.163871
0.164753
0.163871
0.292842
0.163877
0.163871
0.163871
0.163871
0.163871
0.163871
0.163871
0.163871
0.163871
0.163871
0.163871
0.292125
0.163877
0.163871
0.163871
0.163871
0.163871
0.163871
0.163871
0.292106
0.163877
0.163871
0.163871
0.164953
0.163871
0.163871
0.163871
0.163878
0.163871
0.163871
0.163871
0.163871
0.163871
0.163871
0.163871
0.163871
0.163871
0.163871
0.163871
0.488396
0.163871
0.212192
0.163871
0.488396
0.163871
0.212189
0.163871
0.488396
0.163871
0.212189
0.163871
0.163871
0.163871
0.163871
0.163871
0.163871
0.163871
0.164753
0.163871
0.327741
0.163877
0.163871
0.163871
0.169859
0.163871
0.163871
0.163871
0.163871
0.163871
0.327741
0.163877
0.163871
0.163871
0.163871
0.163871
0.292126
0.163877
0.163871
0.163871
0.327741
0.163877
0.327741
0.163877
0.169859
0.163871
0.163871
0.163871
0.164753
0.163871
0.327741
0.163877
0.163871
0.163871
0.163871
0.163871
0.292126
0.163877
0.163871
0.163871
0.163871
0.163871
0.163871
0.163871
0.163871
0.163871
0.169859
0.163871
0.169859
0.163871
0.163871
0.163871
0.164753
0.163871
0.327741
0.163877
0.292106
0.163877
0.163871
0.163871
0.327741
0.163877
0.164753
0.163871
0.164753
0.163871
0.532247
0.500557
0.327741
0.163877
0.327741
0.163877
0.163871
0.163871
0.163871
0.163871
0.169859
0.163871
0.507611
0.331252
0.570839
0.567391
0.500544
0.573661
0.163877
0.163871
0.368542
0.163871
0.488396
0.163871
0.368542
0.163871
0.488396
0.163871
0.368542
0.163871
0.163871
0.163871
0.163871
0.190218
0.272759
0.191093
0.167567
0.183010
0.185137
0.183010
0.163871
0.286053
0.350496
0.257183
1.000000
0.362801
0.340024
0.362801
0.163871
0.163911
0.163953
0.163912
0.163877
0.163903
0.163906
0.163903
