0.161938
0.160858
0.160858
0.160858
0.321716
0.160865
0.160858
0.160858
0.160858
0.160858
0.160858
0.160858
0.321716
0.160865
0.160858
0.160858
0.161727
0.160858
0.160858
0.160858
0.321716
0.160865
0.160858
0.160858
0.160858
0.160858
0.160858
0.160858
0.160858
0.160858
0.286745
0.160865
0.287459
0.160865
0.160858
0.160858
0.165783
0.160858
0.161727
0.160858
0.160858
0.160858
0.286747
0.160865
0.161727
0.160858
0.287459
0.160865
0.160858
0.160858
0.160858
0.160858
0.161727
0.160858
0.286746
0.160865
0.321716
0.160865
0.287459
0.160865
0.321716
0.160865
0.161727
0.160858
0.321716
0.160865
0.160858
0.160858
0.161727
0.160858
0.286709
0.160865
0.160858
0.160858
0.160858
0.160865
0.321716
0.160865
0.321716
0.160865
0.321716
0.160865
0.160858
0.160865
0.160858
0.160858
0.321716
0.160865
0.160858
0.160858
0.160858
0.160858
0.160858
0.160865
0.160858
0.160858
0.160858
0.160858
0.160858
0.160858
0.321716
0.160865
0.160858
0.160858
0.160858
0.160858
0.160858
0.160865
0.160858
0.160858
0.160858
0.160858
0.161727
0.160858
0.160858
0.160858
0.321716
0.160865
0.160858
0.160858
0.160858
0.160858
0.160858
0.160858
0.286734
0.160865
0.161727
0.160858
0.288585
0.160865
0.321716
0.160865
0.160858
0.160858
0.288127
0.160865
0.160858
0.160858
0.160858
0.160858
0.321716
0.160865
0.160858
0.160858
0.321716
0.160865
0.321716
0.160865
0.286734
0.160865
0.287459
0.160865
0.321716
0.160865
0.288128
0.160865
0.288586
0.160865
0.160858
0.160858
0.288585
0.160865
0.288120
0.160865
0.288120
0.160865
0.288129
0.160865
0.160858
0.160858
0.288120
0.160865
0.288585
0.160865
0.321716
0.160865
0.321716
0.160865
0.288128
0.160865
0.160885
0.160858
0.286659
0.160865
0.286647
0.160865
0.288128
0.160865
0.391613
0.160858
0.160858
0.160858
0.288552
0.160865
0.286647
0.160865
0.286658
0.160865
0.288129
0.160865
0.160858
0.160858
0.286658
0.160865
0.288552
0.160865
0.321716
0.160865
0.321716
0.160865
0.288128
0.160865
0.160858
0.160858
0.160858
0.160858
0.288552
0.160865
0.286647
0.160865
0.286658
0.160865
0.288129
0.160865
0.160858
0.160858
0.286658
0.160865
0.288552
0.160865
0.321716
0.160865
0.321716
0.160865
0.288128
0.160865
0.288552
0.160865
0.161724
0.160858
0.161724
0.160858
0.321716
0.160865
0.259800
0.160858
0.162404
0.160858
0.160858
0.160858
0.321716
0.160865
0.286658
0.160865
0.286647
0.160865
0.321716
0.160865
0.321716
0.160865
0.288552
0.160865
0.160858
0.160865
0.160858
0.160858
0.288553
0.160865
0.160858
0.160858
0.160858
0.160858
0.160858
0.160858
0.288586
0.160865
0.321716
0.160865
0.288553
0.160865
0.160858
0.160858
0.288586
0.160865
0.321716
0.160865
0.288129
0.160865
0.160858
0.160858
0.288553
0.160865
0.160858
0.160858
0.160858
0.160858
0.160858
0.160858
0.288586
0.160865
0.286652
0.160865
0.288552
0.160865
0.160858
0.160858
0.160858
0.160858
0.288586
0.160865
0.321716
0.160865
0.160860
0.160858
0.160859
0.160858
0.321716
0.160865
0.161724
0.160858
0.160858
0.160858
0.160858
0.160858
0.000000
0.160851
0.321716
0.160865
0.160858
0.160858
0.160858
0.160858
0.160858
0.160858
0.160858
0.160858
0.160858
0.160858
0.160858
0.160858
0.160858
0.160858
0.160858
0.160858
0.160858
0.160858
0.160858
0.160858
0.160858
0.160858
0.162161
0.160858
0.161724
0.160858
0.287459
0.160865
0.160859
0.160858
0.160858
0.160858
0.160858
0.160858
0.160858
0.160858
0.160858
0.160858
0.286755
0.160865
0.160858
0.160858
0.160859
0.160858
0.160859
0.160858
0.286736
0.160865
0.160858
0.160858
0.161921
0.160858
0.160858
0.160858
0.160865
0.160858
0.160858
0.160858
0.160858
0.160858
0.160858
0.160858
0.160859
0.160858
0.160858
0.160858
0.479417
0.160858
0.208291
0.160858
0.479417
0.160858
0.208288
0.160858
0.479417
0.160858
0.208288
0.160858
0.160858
0.160858
0.160858
0.160858
0.160858
0.160858
0.161724
0.160858
0.321716
0.160865
0.160858
0.160858
0.166656
0.160858
0.160858
0.160858
0.160858
0.160858
0.321716
0.160865
0.160858
0.160858
0.160858
0.160858
0.286755
0.160865
0.160858
0.160858
0.321716
0.160865
0.321716
0.160865
0.166656
0.160858
0.160858
0.160858
0.161724
0.160858
0.321716
0.160865
0.160858
0.160858
0.160858
0.160858
0.286755
0.160865
0.160858
0.160858
0.160858
0.160858
0.160858
0.160858
0.160858
0.160858
0.166656
0.160858
0.166656
0.160858
0.160858
0.160858
0.161724
0.160858
0.321716
0.160865
0.286736
0.160865
0.160858
0.160858
0.321716
0.160865
0.161724
0.160858
0.161725
0.160858
0.522462
0.491355
0.321716
0.160865
0.321716
0.160865
0.160858
0.160858
0.160858
0.160858
0.166656
0.160858
0.498279
0.325162
0.560345
0.556960
0.491342
0.563114
0.160864
0.160858
0.361767
0.160858
0.479417
0.160858
0.361767
0.160858
0.479417
0.160858
0.361767
0.160858
0.160858
0.160858
0.160858
0.183583
0.252706
0.183820
0.165580
0.177866
0.177961
0.177866
0.160858
0.282771
0.405642
0.283250
1.000000
0.375436
0.372933
0.375436
0.160858
0.160895
0.160932
0.160895
0.160865
0.160888
0.160888
0.160888
