0.160709
0.154088
0.154088
0.154088
0.308176
0.154095
0.154088
0.154088
0.154088
0.154088
0.154088
0.154088
0.308176
0.154095
0.154088
0.154088
0.154921
0.154088
0.154088
0.154088
0.308176
0.154095
0.154088
0.154088
0.154088
0.154088
0.154088
0.154088
0.154088
0.154088
0.274678
0.154095
0.275362
0.154095
0.154088
0.154088
0.158807
0.154088
0.154921
0.154088
0.154088
0.154088
0.274679
0.154095
0.154921
0.154088
0.275362
0.154095
0.154088
0.154088
0.154088
0.154088
0.154921
0.154088
0.274678
0.154095
0.308176
0.154095
0.275362
0.154095
0.308177
0.154095
0.154921
0.154088
0.308177
0.154095
0.154088
0.154088
0.154921
0.154088
0.274643
0.154095
0.154088
0.154088
0.154088
0.154095
0.308176
0.154095
0.308176
0.154095
0.308176
0.154095
0.154088
0.154095
0.154088
0.154088
0.308176
0.154095
0.154088
0.154088
0.154088
0.154088
0.154088
0.154095
0.154088
0.154088
0.154088
0.154088
0.154088
0.154088
0.308176
0.154095
0.154088
0.154088
0.154088
0.154088
0.154088
0.154095
0.154088
0.154088
0.154088
0.154088
0.154921
0.154088
0.154088
0.154088
0.308176
0.154095
0.154088
0.154088
0.154088
0.154088
0.154088
0.154088
0.274667
0.154095
0.154921
0.154088
0.276440
0.154095
0.308176
0.154095
0.154088
0.154088
0.276002
0.154095
0.154088
0.154088
0.154088
0.154088
0.308176
0.154095
0.154088
0.154088
0.308177
0.154095
0.308177
0.154095
0.274667
0.154095
0.275362
0.154095
0.308176
0.154095
0.276003
0.154095
0.276441
0.154095
0.154088
0.154088
0.276440
0.154095
0.275995
0.154095
0.275995
0.154095
0.276003
0.154095
0.154088
0.154088
0.275995
0.154095
0.276440
0.154095
0.308176
0.154095
0.308176
0.154095
0.276003
0.154095
0.154115
0.154088
0.274595
0.154095
0.274583
0.154095
0.276003
0.154095
0.375132
0.154088
0.154088
0.154088
0.276409
0.154095
0.274583
0.154095
0.274594
0.154095
0.276003
0.154095
0.154088
0.154088
0.274594
0.154095
0.276409
0.154095
0.308176
0.154095
0.308176
0.154095
0.276003
0.154095
0.154088
0.154088
0.154088
0.154088
0.276409
0.154095
0.274583
0.154095
0.274594
0.154095
0.276003
0.154095
0.154088
0.154088
0.274594
0.154095
0.276409
0.154095
0.308176
0.154095
0.308176
0.154095
0.276003
0.154095
0.276409
0.154095
0.154918
0.154088
0.154918
0.154088
0.308176
0.154095
0.248866
0.154088
0.155569
0.154088
0.154088
0.154088
0.308177
0.154095
0.274594
0.154095
0.274583
0.154095
0.308176
0.154095
0.308177
0.154095
0.276409
0.154095
0.154088
0.154095
0.154088
0.154088
0.276409
0.154095
0.154088
0.154088
0.154088
0.154088
0.154088
0.154088
0.276441
0.154095
0.308177
0.154095
0.276409
0.154095
0.154088
0.154088
0.276441
0.154095
0.308177
0.154095
0.276003
0.154095
0.154088
0.154088
0.276409
0.154095
0.154088
0.154088
0.154088
0.154088
0.154088
0.154088
0.276441
0.154095
0.274588
0.154095
0.276409
0.154095
0.154088
0.154088
0.154088
0.154088
0.276441
0.154095
0.308177
0.154095
0.154090
0.154088
0.154089
0.154088
0.308177
0.154095
0.154918
0.154088
0.154088
0.154088
0.154088
0.154088
0.000000
0.154082
0.308177
0.154095
0.154088
0.154088
0.154088
0.154088
0.154088
0.154088
0.154088
0.154088
0.154088
0.154088
0.154088
0.154088
0.154088
0.154088
0.154088
0.154088
0.154088
0.154088
0.154088
0.154088
0.154088
0.154088
0.155336
0.154088
0.154918
0.154088
0.275361
0.154095
0.154089
0.154088
0.154088
0.154088
0.154088
0.154088
0.154088
0.154088
0.154088
0.154088
0.274687
0.154095
0.154088
0.154088
0.154089
0.154088
0.154089
0.154088
0.274668
0.154095
0.154089
0.154088
0.155106
0.154088
0.154088
0.154088
0.154095
0.154088
0.154088
0.154088
0.154088
0.154088
0.154089
0.154088
0.154089
0.154088
0.154088
0.154088
0.459241
0.154088
0.199526
0.154088
0.459241
0.154088
0.199523
0.154088
0.459241
0.154088
0.199523
0.154088
0.154088
0.154088
0.154088
0.154088
0.154088
0.154088
0.154918
0.154088
0.308177
0.154095
0.154088
0.154088
0.159675
0.154088
0.154088
0.154088
0.154088
0.154088
0.308177
0.154095
0.154088
0.154088
0.154088
0.154088
0.274687
0.154095
0.154088
0.154088
0.308177
0.154095
0.308177
0.154095
0.159675
0.154088
0.154088
0.154088
0.154918
0.154088
0.308177
0.154095
0.154088
0.154088
0.154088
0.154088
0.274687
0.154095
0.154088
0.154088
0.154088
0.154088
0.154088
0.154088
0.154088
0.154088
0.159675
0.154088
0.159675
0.154088
0.154088
0.154088
0.154918
0.154088
0.308177
0.154095
0.274668
0.154095
0.154088
0.154088
0.308177
0.154095
0.154918
0.154088
0.154918
0.154088
0.500474
0.470676
0.308177
0.154095
0.308177
0.154095
0.154088
0.154088
0.154088
0.154088
0.159675
0.154088
0.477309
0.311478
0.536763
0.533521
0.470664
0.539415
0.154094
0.154088
0.346542
0.154088
0.459241
0.154088
0.346542
0.154088
0.459241
0.154088
0.346542
0.154088
0.154088
0.154088
0.154088
0.174791
0.222137
0.171100
0.158542
0.167270
0.169120
0.167270
0.154088
0.253162
0.508724
0.331406
1.000000
0.449347
0.337935
0.449347
0.154088
0.154123
0.154150
0.154119
0.154095
0.154114
0.154116
0.154114
