0.335062
0.326540
0.326540
0.326540
0.326540
0.326540
0.179986
0.326546
0.326540
0.326540
0.031666
0.326544
0.326540
0.326540
0.031666
0.326544
0.033994
0.326544
0.031666
0.326544
0.326540
0.326540
0.179714
0.326546
0.310428
0.326546
0.179990
0.326546
0.326540
0.326540
0.179987
0.326546
0.033993
0.326544
0.179714
0.326546
0.310428
0.326546
0.326540
0.326540
0.326540
0.326540
0.179987
0.326546
0.031666
0.326544
0.326540
0.326540
0.326540
0.326540
0.179715
0.326546
0.179990
0.326546
0.179715
0.326546
0.326540
0.326540
0.179990
0.326546
0.310428
0.326546
0.326540
0.326540
0.310428
0.326546
0.031666
0.326544
0.179987
0.326546
0.179677
0.326546
0.326540
0.326546
0.310428
0.326546
0.326540
0.326540
0.180399
0.326546
0.326540
0.326540
0.326540
0.326540
0.326540
0.326540
0.326540
0.326540
0.326540
0.326540
0.180399
0.326546
0.326540
0.326540
0.179623
0.326546
0.326540
0.326546
0.310428
0.326546
0.326540
0.326546
0.326540
0.326546
0.326540
0.326540
0.179986
0.326546
0.326540
0.326540
0.031666
0.326544
0.326540
0.326540
0.031666
0.326544
0.328104
0.326540
0.031666
0.326544
0.310428
0.326546
0.310428
0.326546
0.180328
0.326546
0.326540
0.326540
0.326540
0.326540
0.326540
0.326540
0.326540
0.326540
0.426648
0.326540
0.179702
0.326546
0.179990
0.326546
0.180328
0.326546
0.180426
0.326546
0.326540
0.326540
0.326540
0.326540
0.310428
0.326546
0.310428
0.326546
0.326540
0.326540
0.326540
0.326540
0.326540
0.326540
0.180426
0.326546
0.326540
0.326540
0.031662
0.326544
0.310428
0.326546
0.310428
0.326546
0.180427
0.326546
0.326540
0.326540
0.326540
0.326540
0.179623
0.326546
0.326540
0.326540
0.310428
0.326546
0.179612
0.326546
0.180327
0.326546
0.310428
0.326546
0.031663
0.326544
0.310429
0.326546
0.326540
0.326540
0.326540
0.326540
0.180403
0.326546
0.326540
0.326540
0.031668
0.326544
0.310428
0.326546
0.031663
0.326544
0.310429
0.326546
0.326540
0.326540
0.326540
0.326540
0.180403
0.326546
0.326540
0.326540
0.180403
0.326546
0.033994
0.326544
0.179612
0.326546
0.310428
0.326546
0.180409
0.326546
0.310428
0.326546
0.326540
0.326540
0.310428
0.326546
0.310428
0.326546
0.310428
0.326546
0.310428
0.326546
0.310428
0.326546
0.180426
0.326546
0.180426
0.326546
0.031662
0.326544
0.310428
0.326546
0.326541
0.326553
0.180427
0.326546
0.326540
0.326540
0.326540
0.326540
0.326540
0.326540
0.326540
0.326540
0.326540
0.326540
0.179613
0.326546
0.180327
0.326546
0.456666
0.456666
0.456666
0.456666
0.330043
0.330043
0.326540
0.330029
0.326553
0.326553
0.326540
0.330029
0.326553
0.326540
0.326540
0.330029
0.456666
0.456666
0.456666
0.456666
0.326553
0.326540
0.326540
0.326526
0.326553
0.326540
0.326540
0.330029
0.660922
0.733541
0.326683
0.326540
0.491835
0.491835
0.491835
0.491835
0.326540
0.326540
0.326540
0.326540
0.326540
0.326540
0.326540
0.326540
0.326540
0.326540
0.033994
0.326544
0.326540
0.326540
0.326540
0.326540
0.326540
0.326540
0.326540
0.326540
0.326540
0.326540
0.326540
0.326540
0.326540
0.326540
0.326540
0.326540
0.326540
0.326540
0.326540
0.326540
0.326540
0.326540
0.326540
0.326540
0.326540
0.326540
0.326540
0.326540
0.326540
0.326540
0.326540
0.326540
0.326540
0.326540
0.179722
0.326546
0.326540
0.326540
0.326540
0.326540
0.034911
0.326544
0.031663
0.326544
0.326540
0.326540
0.179704
0.326546
0.326540
0.326540
0.331001
0.326540
0.326540
0.326540
0.326546
0.326540
0.326540
0.326540
0.326540
0.326540
0.326540
0.326540
0.326540
0.326540
0.326540
0.326540
0.648834
0.326540
0.382247
0.326540
0.648839
0.326540
0.490181
0.326540
0.648839
0.326540
0.490181
0.326540
0.326540
0.326540
0.326540
0.326540
0.326540
0.326540
0.033995
0.326544
0.517831
0.000000
0.034911
0.326544
0.179987
0.326546
0.031663
0.326544
0.517831
0.000000
0.034911
0.326544
0.326540
0.326540
0.031663
0.326544
0.310429
0.326546
0.326540
0.326540
0.326540
0.326540
0.310428
0.326546
0.179684
0.326546
0.326540
0.326540
0.310428
0.326546
0.310428
0.326546
0.517831
0.000000
0.326540
0.326540
0.517831
0.000000
0.310428
0.326546
0.034911
0.326544
0.326540
0.326540
0.326540
0.326540
0.310429
0.326546
0.326540
0.326540
0.326540
0.326540
0.179716
0.326546
0.179716
0.326546
0.517831
0