0.191009
0.180126
0.180126
0.180126
0.360253
0.180134
0.180126
0.180126
0.180126
0.180126
0.180126
0.180126
0.360253
0.180134
0.180126
0.180126
0.181100
0.180126
0.180126
0.180126
0.360253
0.180134
0.180126
0.180126
0.180126
0.180126
0.180126
0.180126
0.180126
0.180126
0.321093
0.180134
0.321893
0.180134
0.180126
0.180126
0.185642
0.180126
0.181100
0.180126
0.180126
0.180126
0.321095
0.180134
0.181100
0.180126
0.321893
0.180134
0.180126
0.180126
0.180126
0.180126
0.181100
0.180126
0.321094
0.180134
0.360253
0.180134
0.321893
0.180134
0.360253
0.180134
0.181100
0.180126
0.360253
0.180134
0.180126
0.180126
0.181100
0.180126
0.321053
0.180134
0.180126
0.180126
0.180126
0.180134
0.360253
0.180134
0.360253
0.180134
0.360253
0.180134
0.180126
0.180134
0.180126
0.180126
0.360253
0.180134
0.180126
0.180126
0.180126
0.180126
0.180126
0.180134
0.180126
0.180126
0.180126
0.180126
0.180126
0.180126
0.360253
0.180134
0.180126
0.180126
0.180126
0.180126
0.180126
0.180134
0.180126
0.180126
0.180126
0.180126
0.181100
0.180126
0.180126
0.180126
0.360253
0.180134
0.180126
0.180126
0.180126
0.180126
0.180126
0.180126
0.321081
0.180134
0.181100
0.180126
0.323153
0.180134
0.360253
0.180134
0.180126
0.180126
0.322641
0.180134
0.180126
0.180126
0.180126
0.180126
0.360253
0.180134
0.180126
0.180126
0.360253
0.180134
0.360253
0.180134
0.321081
0.180134
0.321893
0.180134
0.360253
0.180134
0.322642
0.180134
0.323154
0.180134
0.180126
0.180126
0.323154
0.180134
0.322633
0.180134
0.322633
0.180134
0.322643
0.180134
0.180126
0.180126
0.322633
0.180134
0.323154
0.180134
0.360253
0.180134
0.360253
0.180134
0.322642
0.180134
0.180157
0.180126
0.320997
0.180134
0.320983
0.180134
0.322642
0.180134
0.438522
0.180126
0.180127
0.180126
0.323117
0.180134
0.320983
0.180134
0.320995
0.180134
0.322643
0.180134
0.180127
0.180126
0.320995
0.180134
0.323117
0.180134
0.360253
0.180134
0.360253
0.180134
0.322642
0.180134
0.180126
0.180126
0.180126
0.180126
0.323117
0.180134
0.320983
0.180134
0.320995
0.180134
0.322643
0.180134
0.180126
0.180126
0.320995
0.180134
0.323117
0.180134
0.360253
0.180134
0.360253
0.180134
0.322642
0.180134
0.323117
0.180134
0.181096
0.180126
0.181096
0.180126
0.360253
0.180134
0.290920
0.180126
0.181858
0.180126
0.180126
0.180126
0.360253
0.180134
0.320995
0.180134
0.320983
0.180134
0.360253
0.180134
0.360253
0.180134
0.323117
0.180134
0.180126
0.180134
0.180126
0.180126
0.323117
0.180134
0.180126
0.180126
0.180126
0.180126
0.180126
0.180126
0.323155
0.180134
0.360253
0.180134
0.323117
0.180134
0.180126
0.180126
0.323154
0.180134
0.360253
0.180134
0.322643
0.180134
0.180126
0.180126
0.323117
0.180134
0.180126
0.180126
0.180126
0.180126
0.180126
0.180126
0.323154
0.180134
0.320989
0.180134
0.323117
0.180134
0.180127
0.180126
0.180126
0.180126
0.323155
0.180134
0.360253
0.180134
0.180128
0.180126
0.180127
0.180126
0.360253
0.180134
0.181096
0.180126
0.180126
0.180126
0.180126
0.180126
0.000000
0.180119
0.360253
0.180134
0.180126
0.180126
0.180126
0.180126
0.180126
0.180126
0.180126
0.180126
0.180126
0.180126
0.180126
0.180126
0.180126
0.180126
0.180126
0.180126
0.180126
0.180126
0.180126
0.180126
0.180126
0.180126
0.181585
0.180126
0.181096
0.180126
0.321892
0.180134
0.180127
0.180126
0.180126
0.180126
0.180126
0.180126
0.180126
0.180126
0.180126
0.180126
0.321104
0.180134
0.180126
0.180126
0.180127
0.180126
0.180127
0.180126
0.321082
0.180134
0.180127
0.180126
0.181316
0.180126
0.180126
0.180126
0.180134
0.180127
0.180127
0.180126
0.180126
0.180126
0.180127
0.180126
0.180127
0.180126
0.180126
0.180126
0.536844
0.180126
0.233242
0.180126
0.536844
0.180126
0.233238
0.180126
0.536844
0.180126
0.233238
0.180126
0.180126
0.180126
0.180126
0.180126
0.180126
0.180126
0.181096
0.180126
0.360253
0.180134
0.180126
0.180126
0.186723
0.180126
0.180126
0.180126
0.180126
0.180126
0.360253
0.180134
0.180126
0.180126
0.180126
0.180126
0.321104
0.180134
0.180126
0.180126
0.360253
0.180134
0.360253
0.180134
0.186723
0.180126
0.180126
0.180126
0.181096
0.180126
0.360253
0.180134
0.180126
0.180126
0.180126
0.180126
0.321104
0.180134
0.180126
0.180126
0.180126
0.180126
0.180126
0.180126
0.180126
0.180126
0.186723
0.180126
0.186723
0.180126
0.180126
0.180126
0.181096
0.180126
0.360253
0.180134
0.321082
0.180134
0.180126
0.180126
0.360253
0.180134
0.181096
0.180126
0.181097
0.180126
0.585046
0.550212
0.360253
0.180134
0.360253
0.180134
0.180126
0.180126
0.180126
0.180126
0.186723
0.180126
0.557966
0.364112
0.627466
0.623676
0.550197
0.630567
0.180133
0.180126
0.405101
0.180126
0.536844
0.180126
0.405101
0.180126
0.536844
0.180126
0.405101
0.180126
0.180126
0.180126
0.180126
0.217469
0.317490
0.214467
0.185379
0.206082
0.209378
0.206082
0.180126
0.289512
0.519702
0.349914
1.000000
0.479869
0.359403
0.479869
0.180126
0.180176
0.180219
0.180173
0.180133
0.180165
0.180169
0.180165
