0.202516
0.196962
0.196962
0.196962
0.393924
0.196971
0.196962
0.196962
0.196962
0.196962
0.196962
0.196962
0.393925
0.196971
0.196962
0.196962
0.198026
0.196962
0.196962
0.196962
0.393924
0.196971
0.196962
0.196962
0.196962
0.196962
0.196962
0.196962
0.196962
0.196962
0.351105
0.196971
0.351979
0.196971
0.196962
0.196962
0.202993
0.196962
0.198026
0.196962
0.196962
0.196962
0.351107
0.196971
0.198026
0.196962
0.351979
0.196971
0.196962
0.196962
0.196962
0.196962
0.198026
0.196962
0.351106
0.196971
0.393925
0.196971
0.351979
0.196971
0.393925
0.196971
0.198026
0.196962
0.393925
0.196971
0.196962
0.196962
0.198026
0.196962
0.351060
0.196971
0.196962
0.196962
0.196962
0.196971
0.393925
0.196971
0.393925
0.196971
0.393925
0.196971
0.196962
0.196971
0.196962
0.196962
0.393925
0.196971
0.196962
0.196962
0.196962
0.196962
0.196962
0.196971
0.196962
0.196962
0.196962
0.196962
0.196962
0.196962
0.393925
0.196971
0.196962
0.196962
0.196962
0.196962
0.196962
0.196971
0.196962
0.196962
0.196962
0.196962
0.198026
0.196962
0.196962
0.196962
0.393925
0.196971
0.196962
0.196962
0.196962
0.196962
0.196962
0.196962
0.351091
0.196971
0.198026
0.196962
0.353358
0.196971
0.393925
0.196971
0.196962
0.196962
0.352797
0.196971
0.196962
0.196962
0.196962
0.196962
0.393925
0.196971
0.196962
0.196962
0.393925
0.196971
0.393925
0.196971
0.351091
0.196971
0.351979
0.196971
0.393925
0.196971
0.352799
0.196971
0.353359
0.196971
0.196962
0.196962
0.353358
0.196971
0.352789
0.196971
0.352789
0.196971
0.352799
0.196971
0.196962
0.196962
0.352789
0.196971
0.353358
0.196971
0.393925
0.196971
0.393925
0.196971
0.352799
0.196971
0.196996
0.196962
0.350999
0.196971
0.350984
0.196971
0.352799
0.196971
0.479510
0.196962
0.196963
0.196962
0.353318
0.196971
0.350984
0.196971
0.350998
0.196971
0.352799
0.196971
0.196963
0.196962
0.350998
0.196971
0.353318
0.196971
0.393925
0.196971
0.393925
0.196971
0.352799
0.196971
0.196962
0.196962
0.196962
0.196962
0.353318
0.196971
0.350984
0.196971
0.350998
0.196971
0.352799
0.196971
0.196962
0.196962
0.350998
0.196971
0.353318
0.196971
0.393925
0.196971
0.393925
0.196971
0.352799
0.196971
0.353318
0.196971
0.198023
0.196962
0.198022
0.196962
0.393925
0.196971
0.318111
0.196962
0.198855
0.196962
0.196962
0.196962
0.393925
0.196971
0.350998
0.196971
0.350984
0.196971
0.393925
0.196971
0.393925
0.196971
0.353318
0.196971
0.196962
0.196971
0.196962
0.196962
0.353318
0.196971
0.196962
0.196962
0.196962
0.196962
0.196962
0.196962
0.353359
0.196971
0.393925
0.196971
0.353318
0.196971
0.196962
0.196962
0.353359
0.196971
0.393925
0.196971
0.352799
0.196971
0.196962
0.196962
0.353318
0.196971
0.196962
0.196962
0.196962
0.196962
0.196962
0.196962
0.353359
0.196971
0.350991
0.196971
0.353318
0.196971
0.196963
0.196962
0.196962
0.196962
0.353359
0.196971
0.393925
0.196971
0.196964
0.196962
0.196963
0.196962
0.393925
0.196971
0.198023
0.196962
0.196962
0.196962
0.196962
0.196962
0.000000
0.196954
0.393925
0.196971
0.196962
0.196962
0.196962
0.196962
0.196962
0.196962
0.196962
0.196962
0.196962
0.196962
0.196962
0.196962
0.196962
0.196962
0.196962
0.196962
0.196962
0.196962
0.196962
0.196962
0.196962
0.196962
0.198557
0.196962
0.198023
0.196962
0.351979
0.196971
0.196963
0.196962
0.196962
0.196962
0.196962
0.196962
0.196962
0.196962
0.196962
0.196962
0.351117
0.196971
0.196962
0.196962
0.196963
0.196962
0.196963
0.196962
0.351093
0.196971
0.196963
0.196962
0.198264
0.196962
0.196962
0.196962
0.196971
0.196963
0.196963
0.196962
0.196962
0.196962
0.196963
0.196962
0.196963
0.196962
0.196962
0.196962
0.587022
0.196962
0.255042
0.196962
0.587022
0.196962
0.255039
0.196962
0.587022
0.196962
0.255039
0.196962
0.196962
0.196962
0.196962
0.196962
0.196962
0.196962
0.198023
0.196962
0.393925
0.196971
0.196962
0.196962
0.204072
0.196962
0.196962
0.196962
0.196962
0.196962
0.393925
0.196971
0.196962
0.196962
0.196962
0.196962
0.351117
0.196971
0.196962
0.196962
0.393925
0.196971
0.393925
0.196971
0.204072
0.196962
0.196962
0.196962
0.198023
0.196962
0.393925
0.196971
0.196962
0.196962
0.196962
0.196962
0.351117
0.196971
0.196962
0.196962
0.196962
0.196962
0.196962
0.196962
0.196962
0.196962
0.204072
0.196962
0.204072
0.196962
0.196962
0.196962
0.198023
0.196962
0.393925
0.196971
0.351093
0.196971
0.196962
0.196962
0.393925
0.196971
0.198023
0.196962
0.198023
0.196962
0.639728
0.601639
0.393925
0.196971
0.393925
0.196971
0.196962
0.196962
0.196962
0.196962
0.204072
0.196962
0.610117
0.398145
0.686114
0.681969
0.601623
0.689505
0.196970
0.196962
0.442965
0.196962
0.587022
0.196962
0.442965
0.196962
0.587022
0.196962
0.442965
0.196962
0.196962
0.196962
0.196962
0.236332
0.355928
0.236704
0.203775
0.226529
0.227772
0.226529
0.196962
0.323837
0.425795
0.311378
1.000000
0.414261
0.393667
0.414261
0.196962
0.197013
0.197063
0.197013
0.196971
0.197004
0.197005
0.197004
