0.241772
0.239846
0.239846
0.239846
0.239846
0.239846
0.132201
0.239851
0.239847
0.239846
0.023259
0.239850
0.239846
0.239846
0.023259
0.239850
0.024969
0.239850
0.023259
0.239850
0.239846
0.239846
0.132002
0.239851
0.228012
0.239851
0.132205
0.239851
0.239847
0.239846
0.132202
0.239851
0.024968
0.239850
0.132001
0.239851
0.228012
0.239851
0.239846
0.239846
0.239846
0.239846
0.132202
0.239851
0.023259
0.239850
0.239846
0.239846
0.239846
0.239846
0.132002
0.239851
0.132205
0.239851
0.132002
0.239851
0.239846
0.239846
0.132205
0.239851
0.228012
0.239851
0.239846
0.239846
0.228012
0.239851
0.023259
0.239850
0.132202
0.239851
0.131974
0.239851
0.239846
0.239851
0.228012
0.239851
0.239846
0.239846
0.132504
0.239851
0.239846
0.239846
0.239846
0.239846
0.239846
0.239846
0.239846
0.239846
0.239846
0.239846
0.132505
0.239851
0.239846
0.239846
0.131935
0.239851
0.239846
0.239851
0.228012
0.239851
0.239846
0.239851
0.239846
0.239851
0.239846
0.239846
0.132201
0.239851
0.239847
0.239846
0.023259
0.239850
0.239846
0.239846
0.023259
0.239850
0.240995
0.239846
0.023259
0.239850
0.228012
0.239851
0.228012
0.239851
0.132452
0.239851
0.239846
0.239846
0.239846
0.239846
0.239846
0.239846
0.239846
0.239846
0.313377
0.239846
0.131993
0.239851
0.132205
0.239851
0.132452
0.239851
0.132525
0.239851
0.239846
0.239846
0.239846
0.239846
0.228012
0.239851
0.228012
0.239851
0.239846
0.239846
0.239846
0.239846
0.239846
0.239846
0.132525
0.239851
0.239846
0.239846
0.023256
0.239850
0.228012
0.239851
0.228012
0.239851
0.132525
0.239851
0.239846
0.239846
0.239846
0.239846
0.131935
0.239851
0.239846
0.239846
0.228012
0.239851
0.131926
0.239851
0.132452
0.239851
0.228012
0.239851
0.023257
0.239850
0.228012
0.239851
0.239846
0.239846
0.239846
0.239846
0.132508
0.239851
0.239846
0.239846
0.023260
0.239850
0.228012
0.239851
0.023257
0.239850
0.228012
0.239851
0.239846
0.239846
0.239846
0.239846
0.132508
0.239851
0.239846
0.239846
0.132508
0.239851
0.024969
0.239850
0.131926
0.239851
0.228012
0.239851
0.132512
0.239851
0.228012
0.239851
0.239846
0.239846
0.228012
0.239851
0.228012
0.239851
0.228012
0.239851
0.228012
0.239851
0.228012
0.239851
0.132525
0.239851
0.132524
0.239851
0.023256
0.239850
0.228012
0.239851
0.239847
0.239856
0.132525
0.239851
0.239846
0.239846
0.239846
0.239846
0.239846
0.239846
0.239846
0.239846
0.239846
0.239846
0.131928
0.239851
0.132452
0.239851
0.335425
0.335425
0.335425
0.335425
0.242419
0.242419
0.239846
0.242409
0.239856
0.239856
0.239846
0.242409
0.239856
0.239846
0.239846
0.242409
0.335425
0.335425
0.335425
0.335425
0.239856
0.239846
0.239846
0.239836
0.239856
0.239846
0.239846
0.242409
0.485453
0.538792
0.239951
0.239846
0.361257
0.361257
0.361257
0.361257
0.239847
0.239846
0.239846
0.239846
0.239846
0.239846
0.239846
0.239846
0.239846
0.239846
0.024969
0.239850
0.239847
0.239846
0.239847
0.239846
0.239846
0.239846
0.239846
0.239846
0.239846
0.239846
0.239846
0.239846
0.239846
0.239846
0.239846
0.239846
0.239846
0.239846
0.239846
0.239846
0.239846
0.239846
0.239847
0.239846
0.239847
0.239846
0.239846
0.239846
0.239846
0.239846
0.239846
0.239846
0.239846
0.239846
0.132007
0.239851
0.239846
0.239846
0.239847
0.239846
0.025626
0.239850
0.023257
0.239850
0.239847
0.239846
0.131994
0.239851
0.239847
0.239846
0.243123
0.239846
0.239846
0.239846
0.239851
0.239846
0.239846
0.239846
0.239846
0.239846
0.239846
0.239846
0.239847
0.239846
0.239846
0.239846
0.476574
0.239846
0.280764
0.239846
0.476578
0.239846
0.360042
0.239846
0.476578
0.239846
0.360042
0.239846
0.239846
0.239846
0.239846
0.239846
0.239846
0.239846
0.024969
0.239850
0.380352
0.000000
0.025626
0.239850
0.132202
0.239851
0.023257
0.239850
0.380352
0.000000
0.025626
0.239850
0.239846
0.239846
0.023257
0.239850
0.228012
0.239851
0.239846
0.239846
0.239846
0.239846
0.228012
0.239851
0.131980
0.239851
0.239846
0.239846
0.228012
0.239851
0.228012
0.239851
0.380352
0.000000
0.239846
0.239846
0.380352
0.000000
0.228012
0.239851
0.025626
0.239850
0.239846
0.239846
0.239846
0.239846
0.228012
0.239851
0.239846
0.239846
0.239846
0.239846
0.132003
0.239851
0.132003
0.239851
0.380352
0