0.200137
0.187547
0.187547
0.187547
0.375093
0.187555
0.187547
0.187547
0.187547
0.187547
0.187547
0.187547
0.375093
0.187555
0.187547
0.187547
0.188560
0.187547
0.187547
0.187547
0.375093
0.187555
0.187547
0.187547
0.187547
0.187547
0.187547
0.187547
0.187547
0.187547
0.334321
0.187555
0.335153
0.187555
0.187547
0.187547
0.193290
0.187547
0.188560
0.187547
0.187547
0.187547
0.334322
0.187555
0.188560
0.187547
0.335153
0.187555
0.187547
0.187547
0.187547
0.187547
0.188560
0.187547
0.334321
0.187555
0.375093
0.187555
0.335153
0.187555
0.375094
0.187555
0.188560
0.187547
0.375094
0.187555
0.187547
0.187547
0.188560
0.187547
0.334278
0.187555
0.187547
0.187547
0.187547
0.187555
0.375093
0.187555
0.375093
0.187555
0.375093
0.187555
0.187547
0.187555
0.187547
0.187547
0.375093
0.187555
0.187547
0.187547
0.187547
0.187547
0.187547
0.187555
0.187547
0.187547
0.187547
0.187547
0.187547
0.187547
0.375093
0.187555
0.187547
0.187547
0.187547
0.187547
0.187547
0.187555
0.187547
0.187547
0.187547
0.187547
0.188560
0.187547
0.187547
0.187547
0.375093
0.187555
0.187547
0.187547
0.187547
0.187547
0.187547
0.187547
0.334308
0.187555
0.188560
0.187547
0.336466
0.187555
0.375093
0.187555
0.187547
0.187547
0.335932
0.187555
0.187547
0.187547
0.187547
0.187547
0.375093
0.187555
0.187547
0.187547
0.375094
0.187555
0.375094
0.187555
0.334308
0.187555
0.335153
0.187555
0.375093
0.187555
0.335933
0.187555
0.336467
0.187555
0.187547
0.187547
0.336466
0.187555
0.335924
0.187555
0.335924
0.187555
0.335934
0.187555
0.187547
0.187547
0.335924
0.187555
0.336466
0.187555
0.375093
0.187555
0.375093
0.187555
0.335933
0.187555
0.187579
0.187547
0.334220
0.187555
0.334206
0.187555
0.335933
0.187555
0.456587
0.187547
0.187547
0.187547
0.336427
0.187555
0.334206
0.187555
0.334219
0.187555
0.335934
0.187555
0.187547
0.187547
0.334219
0.187555
0.336427
0.187555
0.375093
0.187555
0.375093
0.187555
0.335933
0.187555
0.187547
0.187547
0.187547
0.187547
0.336427
0.187555
0.334206
0.187555
0.334219
0.187555
0.335934
0.187555
0.187547
0.187547
0.334219
0.187555
0.336427
0.187555
0.375093
0.187555
0.375093
0.187555
0.335933
0.187555
0.336428
0.187555
0.188556
0.187547
0.188556
0.187547
0.375093
0.187555
0.302904
0.187547
0.189349
0.187547
0.187547
0.187547
0.375093
0.187555
0.334219
0.187555
0.334206
0.187555
0.375093
0.187555
0.375093
0.187555
0.336428
0.187555
0.187547
0.187555
0.187547
0.187547
0.336428
0.187555
0.187547
0.187547
0.187547
0.187547
0.187547
0.187547
0.336467
0.187555
0.375094
0.187555
0.336428
0.187555
0.187547
0.187547
0.336467
0.187555
0.375094
0.187555
0.335934
0.187555
0.187547
0.187547
0.336428
0.187555
0.187547
0.187547
0.187547
0.187547
0.187547
0.187547
0.336467
0.187555
0.334212
0.187555
0.336427
0.187555
0.187547
0.187547
0.187547
0.187547
0.336467
0.187555
0.375093
0.187555
0.187549
0.187547
0.187548
0.187547
0.375094
0.187555
0.188556
0.187547
0.187547
0.187547
0.187547
0.187547
0.000000
0.187539
0.375094
0.187555
0.187547
0.187547
0.187547
0.187547
0.187547
0.187547
0.187547
0.187547
0.187547
0.187547
0.187547
0.187547
0.187547
0.187547
0.187547
0.187547
0.187547
0.187547
0.187547
0.187547
0.187547
0.187547
0.189065
0.187547
0.188557
0.187547
0.335153
0.187555
0.187548
0.187547
0.187547
0.187547
0.187547
0.187547
0.187547
0.187547
0.187547
0.187547
0.334332
0.187555
0.187547
0.187547
0.187548
0.187547
0.187548
0.187547
0.334309
0.187555
0.187547
0.187547
0.188786
0.187547
0.187547
0.187547
0.187555
0.187547
0.187547
0.187547
0.187547
0.187547
0.187547
0.187547
0.187548
0.187547
0.187547
0.187547
0.558960
0.187547
0.242850
0.187547
0.558960
0.187547
0.242847
0.187547
0.558960
0.187547
0.242847
0.187547
0.187547
0.187547
0.187547
0.187547
0.187547
0.187547
0.188557
0.187547
0.375094
0.187555
0.187547
0.187547
0.194361
0.187547
0.187547
0.187547
0.187547
0.187547
0.375094
0.187555
0.187547
0.187547
0.187547
0.187547
0.334332
0.187555
0.187547
0.187547
0.375094
0.187555
0.375094
0.187555
0.194361
0.187547
0.187547
0.187547
0.188557
0.187547
0.375094
0.187555
0.187547
0.187547
0.187547
0.187547
0.334332
0.187555
0.187547
0.187547
0.187547
0.187547
0.187547
0.187547
0.187547
0.187547
0.194361
0.187547
0.194361
0.187547
0.187547
0.187547
0.188557
0.187547
0.375094
0.187555
0.334309
0.187555
0.187547
0.187547
0.375094
0.187555
0.188557
0.187547
0.188557
0.187547
0.609147
0.572878
0.375094
0.187555
0.375094
0.187555
0.187547
0.187547
0.187547
0.187547
0.194361
0.187547
0.580951
0.379112
0.653315
0.649368
0.572863
0.656543
0.187554
0.187547
0.421789
0.187547
0.558960
0.187547
0.421789
0.187547
0.558959
0.187547
0.421789
0.187547
0.187547
0.187547
0.187547
0.234352
0.379609
0.235562
0.198219
0.223773
0.224029
0.223773
0.187547
0.277478
0.364230
0.275888
1.000000
0.339885
0.340524
0.339885
0.187547
0.187595
0.187645
0.187596
0.187557
0.187588
0.187588
0.187588
