0.233897
0.232652
0.232652
0.232652
0.232652
0.232652
0.128236
0.232657
0.232652
0.232652
0.022561
0.232655
0.232652
0.232652
0.022561
0.232655
0.024220
0.232655
0.022561
0.232655
0.232652
0.232652
0.128042
0.232657
0.221173
0.232657
0.128239
0.232657
0.232652
0.232652
0.128236
0.232657
0.024219
0.232655
0.128042
0.232657
0.221173
0.232657
0.232652
0.232652
0.232652
0.232652
0.128236
0.232657
0.022561
0.232655
0.232652
0.232652
0.232652
0.232652
0.128043
0.232657
0.128239
0.232657
0.128043
0.232657
0.232652
0.232652
0.128239
0.232657
0.221173
0.232657
0.232652
0.232652
0.221173
0.232657
0.022561
0.232655
0.128236
0.232657
0.128016
0.232657
0.232652
0.232657
0.221173
0.232657
0.232652
0.232652
0.128530
0.232657
0.232652
0.232652
0.232652
0.232652
0.232652
0.232652
0.232652
0.232652
0.232652
0.232652
0.128530
0.232657
0.232652
0.232652
0.127977
0.232657
0.232652
0.232657
0.221173
0.232657
0.232652
0.232657
0.232652
0.232657
0.232652
0.232652
0.128236
0.232657
0.232652
0.232652
0.022561
0.232655
0.232652
0.232652
0.022561
0.232655
0.233766
0.232652
0.022561
0.232655
0.221173
0.232657
0.221173
0.232657
0.128479
0.232657
0.232652
0.232652
0.232652
0.232652
0.232652
0.232652
0.232652
0.232652
0.303977
0.232652
0.128034
0.232657
0.128239
0.232657
0.128479
0.232657
0.128550
0.232657
0.232652
0.232652
0.232652
0.232652
0.221173
0.232657
0.221173
0.232657
0.232652
0.232652
0.232652
0.232652
0.232652
0.232652
0.128550
0.232657
0.232652
0.232652
0.022558
0.232655
0.221173
0.232657
0.221173
0.232657
0.128550
0.232657
0.232652
0.232652
0.232652
0.232652
0.127977
0.232657
0.232652
0.232652
0.221173
0.232657
0.127969
0.232657
0.128479
0.232657
0.221173
0.232657
0.022559
0.232655
0.221173
0.232657
0.232652
0.232652
0.232652
0.232652
0.128533
0.232657
0.232652
0.232652
0.022563
0.232655
0.221173
0.232657
0.022559
0.232655
0.221173
0.232657
0.232652
0.232652
0.232652
0.232652
0.128533
0.232657
0.232652
0.232652
0.128533
0.232657
0.024220
0.232655
0.127969
0.232657
0.221173
0.232657
0.128537
0.232657
0.221173
0.232657
0.232652
0.232652
0.221173
0.232657
0.221173
0.232657
0.221173
0.232657
0.221173
0.232657
0.221173
0.232657
0.128550
0.232657
0.128549
0.232657
0.022558
0.232655
0.221173
0.232657
0.232653
0.232662
0.128550
0.232657
0.232652
0.232652
0.232652
0.232652
0.232652
0.232652
0.232652
0.232652
0.232652
0.232652
0.127970
0.232657
0.128479
0.232657
0.325364
0.325364
0.325364
0.325364
0.235148
0.235148
0.232652
0.235138
0.232662
0.232662
0.232652
0.235138
0.232662
0.232652
0.232652
0.235138
0.325364
0.325364
0.325364
0.325364
0.232662
0.232652
0.232652
0.232642
0.232662
0.232652
0.232652
0.235138
0.470891
0.522631
0.232754
0.232652
0.350421
0.350421
0.350421
0.350421
0.232653
0.232652
0.232652
0.232652
0.232652
0.232652
0.232652
0.232652
0.232652
0.232652
0.024220
0.232655
0.232653
0.232652
0.232653
0.232652
0.232652
0.232652
0.232652
0.232652
0.232652
0.232652
0.232652
0.232652
0.232652
0.232652
0.232652
0.232652
0.232652
0.232652
0.232652
0.232652
0.232652
0.232652
0.232653
0.232652
0.232653
0.232652
0.232652
0.232652
0.232652
0.232652
0.232652
0.232652
0.232652
0.232652
0.128048
0.232657
0.232652
0.232652
0.232653
0.232652
0.024854
0.232655
0.022559
0.232655
0.232653
0.232652
0.128035
0.232657
0.232652
0.232652
0.235831
0.232652
0.232652
0.232652
0.232657
0.232652
0.232652
0.232652
0.232652
0.232652
0.232652
0.232652
0.232653
0.232652
0.232652
0.232652
0.462279
0.232652
0.272342
0.232652
0.462283
0.232652
0.349243
0.232652
0.462283
0.232652
0.349243
0.232652
0.232652
0.232652
0.232652
0.232652
0.232652
0.232652
0.024220
0.232655
0.368943
0.000000
0.024854
0.232655
0.128236
0.232657
0.022559
0.232655
0.368943
0.000000
0.024854
0.232655
0.232652
0.232652
0.022559
0.232655
0.221173
0.232657
0.232652
0.232652
0.232652
0.232652
0.221173
0.232657
0.128021
0.232657
0.232652
0.232652
0.221173
0.232657
0.221173
0.232657
0.368943
0.000000
0.232652
0.232652
0.368943
0.000000
0.221173
0.232657
0.024854
0.232655
0.232652
0.232652
0.232652
0.232652
0.221173
0.232657
0.232652
0.232652
0.232652
0.232652
0.128044
0.232657
0.128043
0.232657
0.368943
0