0.292374
0.291011
0.291011
0.291011
0.291011
0.291011
0.160403
0.291017
0.291012
0.291011
0.028221
0.291015
0.291011
0.291011
0.028221
0.291015
0.030295
0.291015
0.028221
0.291015
0.291011
0.291011
0.160161
0.291017
0.276653
0.291017
0.160407
0.291017
0.291012
0.291011
0.160404
0.291017
0.030295
0.291015
0.160160
0.291017
0.276653
0.291017
0.291011
0.291011
0.291011
0.291011
0.160404
0.291017
0.028221
0.291015
0.291011
0.291011
0.291011
0.291011
0.160162
0.291017
0.160407
0.291017
0.160161
0.291017
0.291011
0.291011
0.160407
0.291017
0.276653
0.291017
0.291011
0.291011
0.276653
0.291017
0.028221
0.291015
0.160404
0.291017
0.160128
0.291017
0.291011
0.291017
0.276653
0.291017
0.291011
0.291011
0.160771
0.291017
0.291011
0.291011
0.291011
0.291011
0.291011
0.291011
0.291011
0.291011
0.291011
0.291011
0.160771
0.291017
0.291011
0.291011
0.160080
0.291017
0.291011
0.291017
0.276653
0.291017
0.291011
0.291017
0.291011
0.291017
0.291011
0.291011
0.160403
0.291017
0.291012
0.291011
0.028221
0.291015
0.291011
0.291011
0.028221
0.291015
0.292405
0.291011
0.028221
0.291015
0.276653
0.291017
0.276653
0.291017
0.160708
0.291017
0.291011
0.291011
0.291011
0.291011
0.291011
0.291011
0.291011
0.291011
0.380228
0.291011
0.160150
0.291017
0.160407
0.291017
0.160708
0.291017
0.160796
0.291017
0.291011
0.291011
0.291011
0.291011
0.276653
0.291017
0.276653
0.291017
0.291011
0.291011
0.291011
0.291011
0.291011
0.291011
0.160796
0.291017
0.291011
0.291011
0.028217
0.291015
0.276653
0.291017
0.276653
0.291017
0.160796
0.291017
0.291011
0.291011
0.291011
0.291011
0.160080
0.291017
0.291011
0.291011
0.276653
0.291017
0.160069
0.291017
0.160707
0.291017
0.276653
0.291017
0.028218
0.291015
0.276653
0.291017
0.291011
0.291011
0.291011
0.291011
0.160775
0.291017
0.291011
0.291011
0.028222
0.291015
0.276653
0.291017
0.028218
0.291015
0.276653
0.291017
0.291011
0.291011
0.291011
0.291011
0.160775
0.291017
0.291011
0.291011
0.160775
0.291017
0.030295
0.291015
0.160069
0.291017
0.276653
0.291017
0.160780
0.291017
0.276653
0.291017
0.291011
0.291011
0.276653
0.291017
0.276653
0.291017
0.276653
0.291017
0.276653
0.291017
0.276653
0.291017
0.160796
0.291017
0.160795
0.291017
0.028217
0.291015
0.276653
0.291017
0.291013
0.291023
0.160796
0.291017
0.291011
0.291011
0.291011
0.291011
0.291011
0.291011
0.291011
0.291011
0.291011
0.291011
0.160071
0.291017
0.160707
0.291017
0.406979
0.406979
0.406979
0.406979
0.294133
0.294133
0.291011
0.294121
0.291023
0.291023
0.291011
0.294121
0.291023
0.291011
0.291011
0.294121
0.406979
0.406979
0.406979
0.406979
0.291023
0.291011
0.291011
0.290999
0.291023
0.291011
0.291011
0.294121
0.589012
0.653729
0.291139
0.291011
0.438322
0.438322
0.438322
0.438322
0.291012
0.291011
0.291011
0.291011
0.291011
0.291011
0.291011
0.291011
0.291011
0.291011
0.030295
0.291015
0.291012
0.291011
0.291012
0.291011
0.291011
0.291011
0.291011
0.291011
0.291011
0.291011
0.291011
0.291011
0.291011
0.291011
0.291011
0.291011
0.291011
0.291011
0.291011
0.291011
0.291011
0.291011
0.291012
0.291011
0.291012
0.291011
0.291011
0.291011
0.291011
0.291011
0.291011
0.291011
0.291011
0.291011
0.160168
0.291017
0.291011
0.291011
0.291012
0.291011
0.031089
0.291015
0.028218
0.291015
0.291012
0.291011
0.160152
0.291017
0.291012
0.291011
0.294987
0.291011
0.291011
0.291011
0.291017
0.291011
0.291011
0.291011
0.291011
0.291011
0.291011
0.291011
0.291012
0.291011
0.291011
0.291011
0.578239
0.291011
0.340657
0.291011
0.578243
0.291011
0.436848
0.291011
0.578243
0.291011
0.436848
0.291011
0.291011
0.291011
0.291011
0.291011
0.291011
0.291011
0.030296
0.291015
0.461490
0.000000
0.031089
0.291015
0.160404
0.291017
0.028218
0.291015
0.461490
0.000000
0.031089
0.291015
0.291011
0.291011
0.028218
0.291015
0.276653
0.291017
0.291011
0.291011
0.291011
0.291011
0.276653
0.291017
0.160134
0.291017
0.291011
0.291011
0.276653
0.291017
0.276653
0.291017
0.461490
0.000000
0.291011
0.291011
0.461490
0.000000
0.276653
0.291017
0.031089
0.291015
0.291011
0.291011
0.291011
0.291011
0.276653
0.291017
0.291011
0.291011
0.291011
0.291011
0.160163
0.291017
0.160162
0.291017
0.461490
0