0.178737
0.177308
0.177308
0.177308
0.354616
0.177316
0.177308
0.177308
0.177308
0.177308
0.177308
0.177308
0.354617
0.177316
0.177308
0.177308
0.178266
0.177308
0.177308
0.177308
0.354616
0.177316
0.177308
0.177308
0.177308
0.177308
0.177308
0.177308
0.177308
0.177308
0.316070
0.177316
0.316857
0.177316
0.177308
0.177308
0.182738
0.177308
0.178266
0.177308
0.177308
0.177308
0.316071
0.177316
0.178266
0.177308
0.316857
0.177316
0.177308
0.177308
0.177308
0.177308
0.178266
0.177308
0.316070
0.177316
0.354617
0.177316
0.316857
0.177316
0.354617
0.177316
0.178266
0.177308
0.354617
0.177316
0.177308
0.177308
0.178266
0.177308
0.316030
0.177316
0.177308
0.177308
0.177308
0.177316
0.354617
0.177316
0.354617
0.177316
0.354617
0.177316
0.177308
0.177316
0.177308
0.177308
0.354617
0.177316
0.177308
0.177308
0.177308
0.177308
0.177308
0.177316
0.177308
0.177308
0.177308
0.177308
0.177308
0.177308
0.354617
0.177316
0.177308
0.177308
0.177308
0.177308
0.177308
0.177316
0.177308
0.177308
0.177308
0.177308
0.178266
0.177308
0.177308
0.177308
0.354617
0.177316
0.177308
0.177308
0.177308
0.177308
0.177308
0.177308
0.316057
0.177316
0.178266
0.177308
0.318098
0.177316
0.354617
0.177316
0.177308
0.177308
0.317593
0.177316
0.177308
0.177308
0.177308
0.177308
0.354617
0.177316
0.177308
0.177308
0.354617
0.177316
0.354617
0.177316
0.316057
0.177316
0.316857
0.177316
0.354617
0.177316
0.317594
0.177316
0.318099
0.177316
0.177308
0.177308
0.318098
0.177316
0.317585
0.177316
0.317586
0.177316
0.317595
0.177316
0.177308
0.177308
0.317586
0.177316
0.318098
0.177316
0.354617
0.177316
0.354617
0.177316
0.317594
0.177316
0.177339
0.177308
0.315975
0.177316
0.315961
0.177316
0.317594
0.177316
0.431662
0.177308
0.177309
0.177308
0.318062
0.177316
0.315961
0.177316
0.315973
0.177316
0.317595
0.177316
0.177309
0.177308
0.315973
0.177316
0.318062
0.177316
0.354617
0.177316
0.354617
0.177316
0.317594
0.177316
0.177308
0.177308
0.177308
0.177308
0.318062
0.177316
0.315961
0.177316
0.315973
0.177316
0.317595
0.177316
0.177308
0.177308
0.315973
0.177316
0.318062
0.177316
0.354617
0.177316
0.354617
0.177316
0.317594
0.177316
0.318062
0.177316
0.178263
0.177308
0.178263
0.177308
0.354617
0.177316
0.286368
0.177308
0.179012
0.177308
0.177308
0.177308
0.354617
0.177316
0.315973
0.177316
0.315961
0.177316
0.354617
0.177316
0.354617
0.177316
0.318062
0.177316
0.177308
0.177316
0.177308
0.177308
0.318062
0.177316
0.177308
0.177308
0.177308
0.177308
0.177308
0.177308
0.318099
0.177316
0.354617
0.177316
0.318062
0.177316
0.177308
0.177308
0.318099
0.177316
0.354617
0.177316
0.317595
0.177316
0.177308
0.177308
0.318062
0.177316
0.177308
0.177308
0.177308
0.177308
0.177308
0.177308
0.318099
0.177316
0.315967
0.177316
0.318062
0.177316
0.177309
0.177308
0.177308
0.177308
0.318099
0.177316
0.354617
0.177316
0.177310
0.177308
0.177309
0.177308
0.354617
0.177316
0.178263
0.177308
0.177308
0.177308
0.177308
0.177308
0.000000
0.177301
0.354617
0.177316
0.177308
0.177308
0.177308
0.177308
0.177308
0.177308
0.177308
0.177308
0.177308
0.177308
0.177308
0.177308
0.177308
0.177308
0.177308
0.177308
0.177308
0.177308
0.177308
0.177308
0.177308
0.177308
0.178744
0.177308
0.178263
0.177308
0.316856
0.177316
0.177309
0.177308
0.177308
0.177308
0.177308
0.177308
0.177308
0.177308
0.177308
0.177308
0.316080
0.177316
0.177308
0.177308
0.177309
0.177308
0.177309
0.177308
0.316059
0.177316
0.177309
0.177308
0.178480
0.177308
0.177308
0.177308
0.177316
0.177309
0.177309
0.177308
0.177308
0.177308
0.177309
0.177308
0.177309
0.177308
0.177308
0.177308
0.528445
0.177308
0.229593
0.177308
0.528445
0.177308
0.229589
0.177308
0.528445
0.177308
0.229589
0.177308
0.177308
0.177308
0.177308
0.177308
0.177308
0.177308
0.178263
0.177308
0.354617
0.177316
0.177308
0.177308
0.183708
0.177308
0.177308
0.177308
0.177308
0.177308
0.354617
0.177316
0.177308
0.177308
0.177308
0.177308
0.316081
0.177316
0.177308
0.177308
0.354617
0.177316
0.354617
0.177316
0.183708
0.177308
0.177308
0.177308
0.178263
0.177308
0.354617
0.177316
0.177308
0.177308
0.177308
0.177308
0.316081
0.177316
0.177308
0.177308
0.177308
0.177308
0.177308
0.177308
0.177308
0.177308
0.183708
0.177308
0.183708
0.177308
0.177308
0.177308
0.178263
0.177308
0.354617
0.177316
0.316059
0.177316
0.177308
0.177308
0.354617
0.177316
0.178263
0.177308
0.178264
0.177308
0.575893
0.541604
0.354617
0.177316
0.354617
0.177316
0.177308
0.177308
0.177308
0.177308
0.183708
0.177308
0.549236
0.358415
0.617650
0.613919
0.541590
0.620702
0.177315
0.177308
0.398763
0.177308
0.528445
0.177308
0.398763
0.177308
0.528445
0.177308
0.398763
0.177308
0.177308
0.177308
0.177308
0.201180
0.268090
0.200004
0.181702
0.195287
0.194418
0.195287
0.177308
0.318987
0.478332
0.327820
1.000000
0.426243
0.434550
0.426243
0.177308
0.177347
0.177383
0.177346
0.177315
0.177340
0.177339
0.177340
