0.260762
0.255462
0.255462
0.255462
0.255462
0.255462
0.140809
0.255467
0.255463
0.255462
0.024773
0.255466
0.255462
0.255462
0.024773
0.255466
0.026594
0.255466
0.024773
0.255466
0.255462
0.255462
0.140596
0.255467
0.242858
0.255467
0.140812
0.255467
0.255463
0.255462
0.140809
0.255467
0.026594
0.255466
0.140596
0.255467
0.242858
0.255467
0.255462
0.255462
0.255462
0.255462
0.140809
0.255467
0.024773
0.255466
0.255462
0.255462
0.255462
0.255462
0.140597
0.255467
0.140812
0.255467
0.140596
0.255467
0.255462
0.255462
0.140812
0.255467
0.242858
0.255467
0.255462
0.255462
0.242858
0.255467
0.024773
0.255466
0.140809
0.255467
0.140567
0.255467
0.255462
0.255467
0.242858
0.255467
0.255462
0.255462
0.141131
0.255467
0.255462
0.255462
0.255462
0.255462
0.255462
0.255462
0.255462
0.255462
0.255462
0.255462
0.141132
0.255467
0.255462
0.255462
0.140525
0.255467
0.255462
0.255467
0.242858
0.255467
0.255462
0.255467
0.255462
0.255467
0.255462
0.255462
0.140809
0.255467
0.255463
0.255462
0.024773
0.255466
0.255462
0.255462
0.024773
0.255466
0.256686
0.255462
0.024773
0.255466
0.242858
0.255467
0.242858
0.255467
0.141076
0.255467
0.255462
0.255462
0.255462
0.255462
0.255462
0.255462
0.255462
0.255462
0.333780
0.255462
0.140587
0.255467
0.140812
0.255467
0.141076
0.255467
0.141153
0.255467
0.255462
0.255462
0.255462
0.255462
0.242858
0.255467
0.242858
0.255467
0.255462
0.255462
0.255462
0.255462
0.255462
0.255462
0.141153
0.255467
0.255462
0.255462
0.024770
0.255466
0.242858
0.255467
0.242858
0.255467
0.141153
0.255467
0.255462
0.255462
0.255462
0.255462
0.140525
0.255467
0.255462
0.255462
0.242858
0.255467
0.140516
0.255467
0.141076
0.255467
0.242858
0.255467
0.024771
0.255466
0.242858
0.255467
0.255462
0.255462
0.255462
0.255462
0.141135
0.255467
0.255462
0.255462
0.024775
0.255466
0.242858
0.255467
0.024771
0.255466
0.242858
0.255467
0.255462
0.255462
0.255462
0.255462
0.141135
0.255467
0.255462
0.255462
0.141135
0.255467
0.026594
0.255466
0.140516
0.255467
0.242858
0.255467
0.141139
0.255467
0.242858
0.255467
0.255462
0.255462
0.242858
0.255467
0.242858
0.255467
0.242858
0.255467
0.242858
0.255467
0.242858
0.255467
0.141153
0.255467
0.141153
0.255467
0.024770
0.255466
0.242858
0.255467
0.255463
0.255473
0.141153
0.255467
0.255462
0.255462
0.255462
0.255462
0.255462
0.255462
0.255462
0.255462
0.255462
0.255462
0.140517
0.255467
0.141076
0.255467
0.357264
0.357264
0.357264
0.357264
0.258203
0.258203
0.255462
0.258192
0.255473
0.255473
0.255462
0.258192
0.255473
0.255462
0.255462
0.258192
0.357264
0.357264
0.357264
0.357264
0.255473
0.255462
0.255462
0.255451
0.255473
0.255462
0.255462
0.258192
0.517060
0.573872
0.255574
0.255462
0.384778
0.384778
0.384778
0.384778
0.255463
0.255462
0.255462
0.255462
0.255462
0.255462
0.255462
0.255462
0.255462
0.255462
0.026594
0.255466
0.255463
0.255462
0.255463
0.255462
0.255462
0.255462
0.255462
0.255462
0.255462
0.255462
0.255462
0.255462
0.255462
0.255462
0.255462
0.255462
0.255462
0.255462
0.255462
0.255462
0.255462
0.255462
0.255463
0.255462
0.255463
0.255462
0.255462
0.255462
0.255462
0.255462
0.255462
0.255462
0.255462
0.255462
0.140602
0.255467
0.255462
0.255462
0.255463
0.255462
0.027308
0.255466
0.024771
0.255466
0.255463
0.255462
0.140588
0.255467
0.255462
0.255462
0.258952
0.255462
0.255462
0.255462
0.255468
0.255462
0.255462
0.255462
0.255462
0.255462
0.255462
0.255462
0.255463
0.255462
0.255462
0.255462
0.507603
0.255462
0.299043
0.255462
0.507607
0.255462
0.383484
0.255462
0.507607
0.255462
0.383484
0.255462
0.255462
0.255462
0.255462
0.255462
0.255462
0.255462
0.026595
0.255466
0.405116
0.000000
0.027308
0.255466
0.140809
0.255467
0.024771
0.255466
0.405116
0.000000
0.027308
0.255466
0.255462
0.255462
0.024771
0.255466
0.242858
0.255467
0.255462
0.255462
0.255462
0.255462
0.242858
0.255467
0.140573
0.255467
0.255462
0.255462
0.242858
0.255467
0.242858
0.255467
0.405116
0.000000
0.255462
0.255462
0.405116
0.000000
0.242858
0.255467
0.027308
0.255466
0.255462
0.255462
0.255462
0.255462
0.242858
0.255467
0.255462
0.255462
0.255462
0.255462
0.140598
0.255467
0.140597
0.255467
0.405116
0