0.182322
0.173471
0.173471
0.173471
0.346942
0.173478
0.173471
0.173471
0.173471
0.173471
0.173471
0.173471
0.346942
0.173478
0.173471
0.173471
0.174408
0.173471
0.173471
0.173471
0.346942
0.173478
0.173471
0.173471
0.173471
0.173471
0.173471
0.173471
0.173471
0.173471
0.309230
0.173478
0.310000
0.173478
0.173471
0.173471
0.178783
0.173471
0.174408
0.173471
0.173471
0.173471
0.309231
0.173478
0.174408
0.173471
0.310000
0.173478
0.173471
0.173471
0.173471
0.173471
0.174408
0.173471
0.309230
0.173478
0.346942
0.173478
0.310000
0.173478
0.346942
0.173478
0.174408
0.173471
0.346942
0.173478
0.173471
0.173471
0.174408
0.173471
0.309190
0.173478
0.173471
0.173471
0.173471
0.173478
0.346942
0.173478
0.346942
0.173478
0.346942
0.173478
0.173471
0.173478
0.173471
0.173471
0.346942
0.173478
0.173471
0.173471
0.173471
0.173471
0.173471
0.173478
0.173471
0.173471
0.173471
0.173471
0.173471
0.173471
0.346942
0.173478
0.173471
0.173471
0.173471
0.173471
0.173471
0.173478
0.173471
0.173471
0.173471
0.173471
0.174408
0.173471
0.173471
0.173471
0.346942
0.173478
0.173471
0.173471
0.173471
0.173471
0.173471
0.173471
0.309217
0.173478
0.174408
0.173471
0.311214
0.173478
0.346942
0.173478
0.173471
0.173471
0.310720
0.173478
0.173471
0.173471
0.173471
0.173471
0.346942
0.173478
0.173471
0.173471
0.346943
0.173478
0.346942
0.173478
0.309217
0.173478
0.310000
0.173478
0.346942
0.173478
0.310721
0.173478
0.311215
0.173478
0.173471
0.173471
0.311214
0.173478
0.310712
0.173478
0.310713
0.173478
0.310722
0.173478
0.173471
0.173471
0.310713
0.173478
0.311214
0.173478
0.346942
0.173478
0.346942
0.173478
0.310721
0.173478
0.173501
0.173471
0.309137
0.173478
0.309123
0.173478
0.310721
0.173478
0.422320
0.173471
0.173471
0.173471
0.311178
0.173478
0.309123
0.173478
0.309135
0.173478
0.310722
0.173478
0.173471
0.173471
0.309135
0.173478
0.311178
0.173478
0.346942
0.173478
0.346942
0.173478
0.310721
0.173478
0.173471
0.173471
0.173471
0.173471
0.311178
0.173478
0.309123
0.173478
0.309135
0.173478
0.310722
0.173478
0.173471
0.173471
0.309135
0.173478
0.311178
0.173478
0.346942
0.173478
0.346942
0.173478
0.310721
0.173478
0.311179
0.173478
0.174405
0.173471
0.174405
0.173471
0.346942
0.173478
0.280171
0.173471
0.175138
0.173471
0.173471
0.173471
0.346942
0.173478
0.309135
0.173478
0.309123
0.173478
0.346942
0.173478
0.346942
0.173478
0.311179
0.173478
0.173471
0.173478
0.173471
0.173471
0.311179
0.173478
0.173471
0.173471
0.173471
0.173471
0.173471
0.173471
0.311215
0.173478
0.346942
0.173478
0.311179
0.173478
0.173471
0.173471
0.311215
0.173478
0.346942
0.173478
0.310722
0.173478
0.173471
0.173471
0.311179
0.173478
0.173471
0.173471
0.173471
0.173471
0.173471
0.173471
0.311215
0.173478
0.309129
0.173478
0.311178
0.173478
0.173471
0.173471
0.173471
0.173471
0.311215
0.173478
0.346942
0.173478
0.173473
0.173471
0.173472
0.173471
0.346942
0.173478
0.174405
0.173471
0.173471
0.173471
0.173471
0.173471
0.000000
0.173464
0.346942
0.173478
0.173471
0.173471
0.173471
0.173471
0.173471
0.173471
0.173471
0.173471
0.173471
0.173471
0.173471
0.173471
0.173471
0.173471
0.173471
0.173471
0.173471
0.173471
0.173471
0.173471
0.173471
0.173471
0.174876
0.173471
0.174405
0.173471
0.309999
0.173478
0.173472
0.173471
0.173471
0.173471
0.173471
0.173471
0.173471
0.173471
0.173471
0.173471
0.309240
0.173478
0.173471
0.173471
0.173472
0.173471
0.173472
0.173471
0.309219
0.173478
0.173472
0.173471
0.174617
0.173471
0.173471
0.173471
0.173479
0.173471
0.173471
0.173471
0.173471
0.173471
0.173472
0.173471
0.173472
0.173471
0.173471
0.173471
0.517009
0.173471
0.224624
0.173471
0.517009
0.173471
0.224621
0.173471
0.517009
0.173471
0.224621
0.173471
0.173471
0.173471
0.173471
0.173471
0.173471
0.173471
0.174405
0.173471
0.346943
0.173478
0.173471
0.173471
0.179802
0.173471
0.173471
0.173471
0.173471
0.173471
0.346943
0.173478
0.173471
0.173471
0.173471
0.173471
0.309240
0.173478
0.173471
0.173471
0.346943
0.173478
0.346943
0.173478
0.179802
0.173471
0.173471
0.173471
0.174405
0.173471
0.346943
0.173478
0.173471
0.173471
0.173471
0.173471
0.309240
0.173478
0.173471
0.173471
0.173471
0.173471
0.173471
0.173471
0.173471
0.173471
0.179802
0.173471
0.179802
0.173471
0.173471
0.173471
0.174405
0.173471
0.346943
0.173478
0.309219
0.173478
0.173471
0.173471
0.346943
0.173478
0.174405
0.173471
0.174406
0.173471
0.563430
0.529883
0.346943
0.173478
0.346943
0.173478
0.173471
0.173471
0.173471
0.173471
0.179802
0.173471
0.537350
0.350659
0.604283
0.600633
0.529869
0.607270
0.173478
0.173471
0.390134
0.173471
0.517009
0.173471
0.390134
0.173471
0.517009
0.173471
0.390134
0.173471
0.173471
0.173471
0.173471
0.217090
0.337180
0.214398
0.179078
0.206071
0.205610
0.206071
0.173471
0.248497
0.335501
0.254486
1.000000
0.297287
0.320471
0.297287
0.173471
0.173522
0.173569
0.173520
0.173478
0.173514
0.173513
0.173514
