0.137106
0.128642
0.128642
0.128642
0.257284
0.128648
0.128642
0.128642
0.128642
0.128642
0.128642
0.128642
0.257284
0.128648
0.128642
0.128642
0.129337
0.128642
0.128642
0.128642
0.257284
0.128648
0.128642
0.128642
0.128642
0.128642
0.128642
0.128642
0.128642
0.128642
0.229318
0.128648
0.229889
0.128648
0.128642
0.128642
0.132581
0.128642
0.129337
0.128642
0.128642
0.128642
0.229319
0.128648
0.129337
0.128642
0.229889
0.128648
0.128642
0.128642
0.128642
0.128642
0.129337
0.128642
0.229318
0.128648
0.257284
0.128648
0.229889
0.128648
0.257285
0.128648
0.129337
0.128642
0.257285
0.128648
0.128642
0.128642
0.129337
0.128642
0.229288
0.128648
0.128642
0.128642
0.128642
0.128648
0.257284
0.128648
0.257284
0.128648
0.257284
0.128648
0.128642
0.128648
0.128642
0.128642
0.257284
0.128648
0.128642
0.128642
0.128642
0.128642
0.128642
0.128648
0.128642
0.128642
0.128642
0.128642
0.128642
0.128642
0.257284
0.128648
0.128642
0.128642
0.128642
0.128642
0.128642
0.128648
0.128642
0.128642
0.128642
0.128642
0.129337
0.128642
0.128642
0.128642
0.257284
0.128648
0.128642
0.128642
0.128642
0.128642
0.128642
0.128642
0.229309
0.128648
0.129337
0.128642
0.230789
0.128648
0.257284
0.128648
0.128642
0.128642
0.230423
0.128648
0.128642
0.128642
0.128642
0.128642
0.257284
0.128648
0.128642
0.128642
0.257285
0.128648
0.257285
0.128648
0.229309
0.128648
0.229889
0.128648
0.257284
0.128648
0.230424
0.128648
0.230790
0.128648
0.128642
0.128642
0.230789
0.128648
0.230417
0.128648
0.230417
0.128648
0.230424
0.128648
0.128642
0.128642
0.230417
0.128648
0.230789
0.128648
0.257284
0.128648
0.257284
0.128648
0.230424
0.128648
0.128664
0.128642
0.229249
0.128648
0.229239
0.128648
0.230424
0.128648
0.313183
0.128642
0.128642
0.128642
0.230763
0.128648
0.229239
0.128648
0.229248
0.128648
0.230424
0.128648
0.128642
0.128642
0.229248
0.128648
0.230763
0.128648
0.257284
0.128648
0.257284
0.128648
0.230424
0.128648
0.128642
0.128642
0.128642
0.128642
0.230763
0.128648
0.229239
0.128648
0.229248
0.128648
0.230424
0.128648
0.128642
0.128642
0.229248
0.128648
0.230763
0.128648
0.257284
0.128648
0.257284
0.128648
0.230424
0.128648
0.230763
0.128648
0.129335
0.128642
0.129335
0.128642
0.257284
0.128648
0.207768
0.128642
0.129879
0.128642
0.128642
0.128642
0.257284
0.128648
0.229248
0.128648
0.229239
0.128648
0.257284
0.128648
0.257284
0.128648
0.230763
0.128648
0.128642
0.128648
0.128642
0.128642
0.230763
0.128648
0.128642
0.128642
0.128642
0.128642
0.128642
0.128642
0.230790
0.128648
0.257285
0.128648
0.230763
0.128648
0.128642
0.128642
0.230790
0.128648
0.257285
0.128648
0.230424
0.128648
0.128642
0.128642
0.230763
0.128648
0.128642
0.128642
0.128642
0.128642
0.128642
0.128642
0.230790
0.128648
0.229243
0.128648
0.230763
0.128648
0.128642
0.128642
0.128642
0.128642
0.230790
0.128648
0.257284
0.128648
0.128644
0.128642
0.128643
0.128642
0.257284
0.128648
0.129335
0.128642
0.128642
0.128642
0.128642
0.128642
0.000000
0.128637
0.257284
0.128648
0.128642
0.128642
0.128642
0.128642
0.128642
0.128642
0.128642
0.128642
0.128642
0.128642
0.128642
0.128642
0.128642
0.128642
0.128642
0.128642
0.128642
0.128642
0.128642
0.128642
0.128642
0.128642
0.129684
0.128642
0.129335
0.128642
0.229888
0.128648
0.128643
0.128642
0.128642
0.128642
0.128642
0.128642
0.128642
0.128642
0.128642
0.128642
0.229325
0.128648
0.128642
0.128642
0.128643
0.128642
0.128643
0.128642
0.229310
0.128648
0.128643
0.128642
0.129492
0.128642
0.128642
0.128642
0.128648
0.128642
0.128642
0.128642
0.128642
0.128642
0.128642
0.128642
0.128643
0.128642
0.128642
0.128642
0.383402
0.128642
0.166576
0.128642
0.383402
0.128642
0.166574
0.128642
0.383402
0.128642
0.166574
0.128642
0.128642
0.128642
0.128642
0.128642
0.128642
0.128642
0.129335
0.128642
0.257285
0.128648
0.128642
0.128642
0.133296
0.128642
0.128642
0.128642
0.128642
0.128642
0.257285
0.128648
0.128642
0.128642
0.128642
0.128642
0.229325
0.128648
0.128642
0.128642
0.257285
0.128648
0.257285
0.128648
0.133296
0.128642
0.128642
0.128642
0.129335
0.128642
0.257285
0.128648
0.128642
0.128642
0.128642
0.128642
0.229325
0.128648
0.128642
0.128642
0.128642
0.128642
0.128642
0.128642
0.128642
0.128642
0.133296
0.128642
0.133296
0.128642
0.128642
0.128642
0.129335
0.128642
0.257285
0.128648
0.229310
0.128648
0.128642
0.128642
0.257285
0.128648
0.129335
0.128642
0.129335
0.128642
0.417826
0.392949
0.257285
0.128648
0.257285
0.128648
0.128642
0.128642
0.128642
0.128642
0.133296
0.128642
0.398486
0.260041
0.448122
0.445415
0.392939
0.450337
0.128647
0.128642
0.289314
0.128642
0.383402
0.128642
0.289314
0.128642
0.383402
0.128642
0.289314
0.128642
0.128642
0.128642
0.128642
0.149490
0.206718
0.148161
0.130967
0.143497
0.144056
0.143497
0.128642
0.264242
0.446282
0.287462
1.000000
0.391678
0.369599
0.391678
0.128642
0.128676
0.128706
0.128674
0.128647
0.128669
0.128670
0.128669
