0.185126
0.176817
0.176817
0.176817
0.353633
0.176824
0.176817
0.176817
0.176817
0.176817
0.176817
0.176817
0.353634
0.176824
0.176817
0.176817
0.177772
0.176817
0.176817
0.176817
0.353633
0.176824
0.176817
0.176817
0.176817
0.176817
0.176817
0.176817
0.176817
0.176817
0.315194
0.176824
0.315978
0.176824
0.176817
0.176817
0.182231
0.176817
0.177772
0.176817
0.176817
0.176817
0.315195
0.176824
0.177772
0.176817
0.315978
0.176824
0.176817
0.176817
0.176817
0.176817
0.177772
0.176817
0.315194
0.176824
0.353633
0.176824
0.315978
0.176824
0.353634
0.176824
0.177772
0.176817
0.353634
0.176824
0.176817
0.176817
0.177772
0.176817
0.315154
0.176824
0.176817
0.176817
0.176817
0.176824
0.353633
0.176824
0.353633
0.176824
0.353633
0.176824
0.176817
0.176824
0.176817
0.176817
0.353633
0.176824
0.176817
0.176817
0.176817
0.176817
0.176817
0.176824
0.176817
0.176817
0.176817
0.176817
0.176817
0.176817
0.353633
0.176824
0.176817
0.176817
0.176817
0.176817
0.176817
0.176824
0.176817
0.176817
0.176817
0.176817
0.177772
0.176817
0.176817
0.176817
0.353633
0.176824
0.176817
0.176817
0.176817
0.176817
0.176817
0.176817
0.315181
0.176824
0.177772
0.176817
0.317216
0.176824
0.353633
0.176824
0.176817
0.176817
0.316713
0.176824
0.176817
0.176817
0.176817
0.176817
0.353633
0.176824
0.176817
0.176817
0.353634
0.176824
0.353634
0.176824
0.315181
0.176824
0.315978
0.176824
0.353633
0.176824
0.316714
0.176824
0.317217
0.176824
0.176817
0.176817
0.317216
0.176824
0.316705
0.176824
0.316705
0.176824
0.316714
0.176824
0.176817
0.176817
0.316705
0.176824
0.317216
0.176824
0.353633
0.176824
0.353633
0.176824
0.316714
0.176824
0.176847
0.176817
0.315099
0.176824
0.315085
0.176824
0.316714
0.176824
0.430465
0.176817
0.176817
0.176817
0.317180
0.176824
0.315085
0.176824
0.315097
0.176824
0.316714
0.176824
0.176817
0.176817
0.315097
0.176824
0.317180
0.176824
0.353634
0.176824
0.353634
0.176824
0.316714
0.176824
0.176817
0.176817
0.176817
0.176817
0.317180
0.176824
0.315085
0.176824
0.315097
0.176824
0.316714
0.176824
0.176817
0.176817
0.315097
0.176824
0.317180
0.176824
0.353634
0.176824
0.353634
0.176824
0.316714
0.176824
0.317180
0.176824
0.177769
0.176817
0.177768
0.176817
0.353634
0.176824
0.285574
0.176817
0.178516
0.176817
0.176817
0.176817
0.353634
0.176824
0.315097
0.176824
0.315085
0.176824
0.353634
0.176824
0.353634
0.176824
0.317180
0.176824
0.176817
0.176824
0.176817
0.176817
0.317180
0.176824
0.176817
0.176817
0.176817
0.176817
0.176817
0.176817
0.317217
0.176824
0.353634
0.176824
0.317180
0.176824
0.176817
0.176817
0.317217
0.176824
0.353634
0.176824
0.316715
0.176824
0.176817
0.176817
0.317180
0.176824
0.176817
0.176817
0.176817
0.176817
0.176817
0.176817
0.317217
0.176824
0.315091
0.176824
0.317180
0.176824
0.176817
0.176817
0.176817
0.176817
0.317217
0.176824
0.353634
0.176824
0.176819
0.176817
0.176818
0.176817
0.353634
0.176824
0.177769
0.176817
0.176817
0.176817
0.176817
0.176817
0.000000
0.176809
0.353634
0.176824
0.176817
0.176817
0.176817
0.176817
0.176817
0.176817
0.176817
0.176817
0.176817
0.176817
0.176817
0.176817
0.176817
0.176817
0.176817
0.176817
0.176817
0.176817
0.176817
0.176817
0.176817
0.176817
0.178249
0.176817
0.177769
0.176817
0.315978
0.176824
0.176818
0.176817
0.176817
0.176817
0.176817
0.176817
0.176817
0.176817
0.176817
0.176817
0.315204
0.176824
0.176817
0.176817
0.176818
0.176817
0.176818
0.176817
0.315183
0.176824
0.176817
0.176817
0.177985
0.176817
0.176817
0.176817
0.176824
0.176817
0.176817
0.176817
0.176817
0.176817
0.176817
0.176817
0.176818
0.176817
0.176817
0.176817
0.526980
0.176817
0.228956
0.176817
0.526980
0.176817
0.228953
0.176817
0.526980
0.176817
0.228953
0.176817
0.176817
0.176817
0.176817
0.176817
0.176817
0.176817
0.177769
0.176817
0.353634
0.176824
0.176817
0.176817
0.183204
0.176817
0.176817
0.176817
0.176817
0.176817
0.353634
0.176824
0.176817
0.176817
0.176817
0.176817
0.315204
0.176824
0.176817
0.176817
0.353634
0.176824
0.353634
0.176824
0.183204
0.176817
0.176817
0.176817
0.177769
0.176817
0.353634
0.176824
0.176817
0.176817
0.176817
0.176817
0.315204
0.176824
0.176817
0.176817
0.176817
0.176817
0.176817
0.176817
0.176817
0.176817
0.183204
0.176817
0.183204
0.176817
0.176817
0.176817
0.177769
0.176817
0.353634
0.176824
0.315183
0.176824
0.176817
0.176817
0.353634
0.176824
0.177769
0.176817
0.177769
0.176817
0.574296
0.540102
0.353634
0.176824
0.353634
0.176824
0.176817
0.176817
0.176817
0.176817
0.183204
0.176817
0.547714
0.357422
0.615937
0.612217
0.540088
0.618981
0.176824
0.176817
0.397658
0.176817
0.526980
0.176817
0.397658
0.176817
0.526980
0.176817
0.397658
0.176817
0.176817
0.176817
0.176817
0.219174
0.342837
0.218322
0.182941
0.207656
0.211688
0.207656
0.176817
0.275790
0.413341
0.295079
1.000000
0.405700
0.319625
0.405700
0.176817
0.176867
0.176915
0.176866
0.176824
0.176857
0.176861
0.176857
