0.187221
0.176331
0.176331
0.176331
0.352661
0.176338
0.176331
0.176331
0.176331
0.176331
0.176331
0.176331
0.352662
0.176338
0.176331
0.176331
0.177283
0.176331
0.176331
0.176331
0.352661
0.176338
0.176331
0.176331
0.176331
0.176331
0.176331
0.176331
0.176331
0.176331
0.314327
0.176338
0.315110
0.176338
0.176331
0.176331
0.181730
0.176331
0.177283
0.176331
0.176331
0.176331
0.314329
0.176338
0.177283
0.176331
0.315110
0.176338
0.176331
0.176331
0.176331
0.176331
0.177283
0.176331
0.314328
0.176338
0.352661
0.176338
0.315110
0.176338
0.352662
0.176338
0.177283
0.176331
0.352662
0.176338
0.176331
0.176331
0.177283
0.176331
0.314287
0.176338
0.176331
0.176331
0.176331
0.176338
0.352662
0.176338
0.352662
0.176338
0.352662
0.176338
0.176331
0.176338
0.176331
0.176331
0.352662
0.176338
0.176331
0.176331
0.176331
0.176331
0.176331
0.176338
0.176331
0.176331
0.176331
0.176331
0.176331
0.176331
0.352662
0.176338
0.176331
0.176331
0.176331
0.176331
0.176331
0.176338
0.176331
0.176331
0.176331
0.176331
0.177283
0.176331
0.176331
0.176331
0.352662
0.176338
0.176331
0.176331
0.176331
0.176331
0.176331
0.176331
0.314315
0.176338
0.177283
0.176331
0.316344
0.176338
0.352662
0.176338
0.176331
0.176331
0.315842
0.176338
0.176331
0.176331
0.176331
0.176331
0.352662
0.176338
0.176331
0.176331
0.352662
0.176338
0.352662
0.176338
0.314315
0.176338
0.315110
0.176338
0.352662
0.176338
0.315843
0.176338
0.316345
0.176338
0.176331
0.176331
0.316344
0.176338
0.315834
0.176338
0.315835
0.176338
0.315844
0.176338
0.176331
0.176331
0.315835
0.176338
0.316344
0.176338
0.352662
0.176338
0.352662
0.176338
0.315844
0.176338
0.176361
0.176331
0.314233
0.176338
0.314219
0.176338
0.315843
0.176338
0.429282
0.176331
0.176331
0.176331
0.316308
0.176338
0.314219
0.176338
0.314231
0.176338
0.315844
0.176338
0.176331
0.176331
0.314231
0.176338
0.316308
0.176338
0.352662
0.176338
0.352662
0.176338
0.315843
0.176338
0.176331
0.176331
0.176331
0.176331
0.316308
0.176338
0.314219
0.176338
0.314231
0.176338
0.315844
0.176338
0.176331
0.176331
0.314231
0.176338
0.316308
0.176338
0.352662
0.176338
0.352662
0.176338
0.315844
0.176338
0.316308
0.176338
0.177280
0.176331
0.177280
0.176331
0.352662
0.176338
0.284790
0.176331
0.178026
0.176331
0.176331
0.176331
0.352662
0.176338
0.314231
0.176338
0.314219
0.176338
0.352662
0.176338
0.352662
0.176338
0.316308
0.176338
0.176331
0.176338
0.176331
0.176331
0.316308
0.176338
0.176331
0.176331
0.176331
0.176331
0.176331
0.176331
0.316345
0.176338
0.352662
0.176338
0.316308
0.176338
0.176331
0.176331
0.316345
0.176338
0.352662
0.176338
0.315844
0.176338
0.176331
0.176331
0.316308
0.176338
0.176331
0.176331
0.176331
0.176331
0.176331
0.176331
0.316345
0.176338
0.314225
0.176338
0.316308
0.176338
0.176331
0.176331
0.176331
0.176331
0.316345
0.176338
0.352662
0.176338
0.176333
0.176331
0.176332
0.176331
0.352662
0.176338
0.177280
0.176331
0.176331
0.176331
0.176331
0.176331
0.000000
0.176323
0.352662
0.176338
0.176331
0.176331
0.176331
0.176331
0.176331
0.176331
0.176331
0.176331
0.176331
0.176331
0.176331
0.176331
0.176331
0.176331
0.176331
0.176331
0.176331
0.176331
0.176331
0.176331
0.176331
0.176331
0.177759
0.176331
0.177280
0.176331
0.315109
0.176338
0.176332
0.176331
0.176331
0.176331
0.176331
0.176331
0.176331
0.176331
0.176331
0.176331
0.314338
0.176338
0.176331
0.176331
0.176332
0.176331
0.176332
0.176331
0.314317
0.176338
0.176331
0.176331
0.177496
0.176331
0.176331
0.176331
0.176338
0.176331
0.176331
0.176331
0.176331
0.176331
0.176331
0.176331
0.176332
0.176331
0.176331
0.176331
0.525532
0.176331
0.228327
0.176331
0.525532
0.176331
0.228324
0.176331
0.525532
0.176331
0.228324
0.176331
0.176331
0.176331
0.176331
0.176331
0.176331
0.176331
0.177280
0.176331
0.352662
0.176338
0.176331
0.176331
0.182789
0.176331
0.176331
0.176331
0.176331
0.176331
0.352662
0.176338
0.176331
0.176331
0.176331
0.176331
0.314338
0.176338
0.176331
0.176331
0.352662
0.176338
0.352662
0.176338
0.182789
0.176331
0.176331
0.176331
0.177280
0.176331
0.352662
0.176338
0.176331
0.176331
0.176331
0.176331
0.314338
0.176338
0.176331
0.176331
0.176331
0.176331
0.176331
0.176331
0.176331
0.176331
0.182789
0.176331
0.182789
0.176331
0.176331
0.176331
0.177280
0.176331
0.352662
0.176338
0.314317
0.176338
0.176331
0.176331
0.352662
0.176338
0.177280
0.176331
0.177281
0.176331
0.572718
0.538618
0.352662
0.176338
0.352662
0.176338
0.176331
0.176331
0.176331
0.176331
0.182789
0.176331
0.546208
0.356439
0.614244
0.610534
0.538604
0.617280
0.176338
0.176331
0.396565
0.176331
0.525532
0.176331
0.396565
0.176331
0.525532
0.176331
0.396565
0.176331
0.176331
0.176331
0.176331
0.207512
0.288413
0.204351
0.182134
0.198266
0.199412
0.198266
0.176331
0.302999
0.509885
0.343108
1.000000
0.453423
0.404441
0.453423
0.176331
0.176374
0.176412
0.176371
0.176338
0.176365
0.176366
0.176365
