0.253042
0.251527
0.251527
0.251527
0.251527
0.251527
0.138640
0.251532
0.251527
0.251527
0.024392
0.251530
0.251527
0.251527
0.024392
0.251530
0.026185
0.251530
0.024392
0.251530
0.251527
0.251527
0.138430
0.251532
0.239117
0.251532
0.138643
0.251532
0.251527
0.251527
0.138640
0.251532
0.026184
0.251530
0.138430
0.251532
0.239117
0.251532
0.251527
0.251527
0.251527
0.251527
0.138640
0.251532
0.024392
0.251530
0.251527
0.251527
0.251527
0.251527
0.138431
0.251532
0.138643
0.251532
0.138431
0.251532
0.251527
0.251527
0.138643
0.251532
0.239117
0.251532
0.251527
0.251527
0.239117
0.251532
0.024392
0.251530
0.138640
0.251532
0.138402
0.251532
0.251527
0.251532
0.239117
0.251532
0.251527
0.251527
0.138957
0.251532
0.251527
0.251527
0.251527
0.251527
0.251527
0.251527
0.251527
0.251527
0.251527
0.251527
0.138958
0.251532
0.251527
0.251527
0.138360
0.251532
0.251527
0.251532
0.239117
0.251532
0.251527
0.251532
0.251527
0.251532
0.251527
0.251527
0.138640
0.251532
0.251527
0.251527
0.024392
0.251530
0.251527
0.251527
0.024392
0.251530
0.252732
0.251527
0.024392
0.251530
0.239117
0.251532
0.239117
0.251532
0.138903
0.251532
0.251527
0.251527
0.251527
0.251527
0.251527
0.251527
0.251527
0.251527
0.328639
0.251527
0.138421
0.251532
0.138643
0.251532
0.138903
0.251532
0.138979
0.251532
0.251527
0.251527
0.251527
0.251527
0.239117
0.251532
0.239117
0.251532
0.251527
0.251527
0.251527
0.251527
0.251527
0.251527
0.138979
0.251532
0.251527
0.251527
0.024389
0.251530
0.239117
0.251532
0.239117
0.251532
0.138979
0.251532
0.251527
0.251527
0.251527
0.251527
0.138360
0.251532
0.251527
0.251527
0.239117
0.251532
0.138351
0.251532
0.138903
0.251532
0.239117
0.251532
0.024389
0.251530
0.239117
0.251532
0.251527
0.251527
0.251527
0.251527
0.138961
0.251532
0.251527
0.251527
0.024393
0.251530
0.239117
0.251532
0.024389
0.251530
0.239117
0.251532
0.251527
0.251527
0.251527
0.251527
0.138961
0.251532
0.251527
0.251527
0.138961
0.251532
0.026185
0.251530
0.138351
0.251532
0.239117
0.251532
0.138965
0.251532
0.239117
0.251532
0.251527
0.251527
0.239117
0.251532
0.239117
0.251532
0.239117
0.251532
0.239117
0.251532
0.239117
0.251532
0.138979
0.251532
0.138979
0.251532
0.024389
0.251530
0.239117
0.251532
0.251528
0.251537
0.138979
0.251532
0.251527
0.251527
0.251527
0.251527
0.251527
0.251527
0.251527
0.251527
0.251527
0.251527
0.138353
0.251532
0.138903
0.251532
0.351760
0.351760
0.351760
0.351760
0.254225
0.254225
0.251527
0.254215
0.251537
0.251537
0.251527
0.254215
0.251537
0.251527
0.251527
0.254215
0.351760
0.351760
0.351760
0.351760
0.251537
0.251527
0.251527
0.251516
0.251537
0.251527
0.251527
0.254215
0.509095
0.565032
0.251637
0.251527
0.378850
0.378850
0.378850
0.378850
0.251528
0.251527
0.251527
0.251527
0.251527
0.251527
0.251527
0.251527
0.251527
0.251527
0.026185
0.251530
0.251528
0.251527
0.251528
0.251527
0.251527
0.251527
0.251527
0.251527
0.251527
0.251527
0.251527
0.251527
0.251527
0.251527
0.251527
0.251527
0.251527
0.251527
0.251527
0.251527
0.251527
0.251527
0.251528
0.251527
0.251528
0.251527
0.251527
0.251527
0.251527
0.251527
0.251527
0.251527
0.251527
0.251527
0.138436
0.251532
0.251527
0.251527
0.251528
0.251527
0.026871
0.251530
0.024389
0.251530
0.251528
0.251527
0.138422
0.251532
0.251527
0.251527
0.254963
0.251527
0.251527
0.251527
0.251532
0.251527
0.251527
0.251527
0.251527
0.251527
0.251527
0.251527
0.251528
0.251527
0.251527
0.251527
0.499784
0.251527
0.294437
0.251527
0.499787
0.251527
0.377576
0.251527
0.499787
0.251527
0.377576
0.251527
0.251527
0.251527
0.251527
0.251527
0.251527
0.251527
0.026185
0.251530
0.398875
0.000000
0.026871
0.251530
0.138640
0.251532
0.024389
0.251530
0.398875
0.000000
0.026871
0.251530
0.251527
0.251527
0.024389
0.251530
0.239117
0.251532
0.251527
0.251527
0.251527
0.251527
0.239117
0.251532
0.138407
0.251532
0.251527
0.251527
0.239117
0.251532
0.239117
0.251532
0.398875
0.000000
0.251527
0.251527
0.398875
0.000000
0.239117
0.251532
0.026871
0.251530
0.251527
0.251527
0.251527
0.251527
0.239117
0.251532
0.251527
0.251527
0.251527
0.251527
0.138432
0.251532
0.138431
0.251532
0.398875
0