0.248129
0.241957
0.241957
0.241957
0.483913
0.241967
0.241957
0.241957
0.241957
0.241957
0.241957
0.241957
0.483913
0.241967
0.241957
0.241957
0.243264
0.241957
0.241957
0.241957
0.483913
0.241967
0.241957
0.241957
0.241957
0.241957
0.241957
0.241957
0.241957
0.241957
0.431312
0.241967
0.432386
0.241967
0.241957
0.241957
0.249365
0.241957
0.243264
0.241957
0.241957
0.241957
0.431314
0.241967
0.243264
0.241957
0.432386
0.241967
0.241957
0.241957
0.241957
0.241957
0.243264
0.241957
0.431312
0.241967
0.483913
0.241967
0.432386
0.241967
0.483913
0.241967
0.243264
0.241957
0.483913
0.241967
0.241957
0.241957
0.243264
0.241957
0.431257
0.241967
0.241957
0.241957
0.241957
0.241967
0.483913
0.241967
0.483913
0.241967
0.483913
0.241967
0.241957
0.241967
0.241957
0.241957
0.483913
0.241967
0.241957
0.241957
0.241957
0.241957
0.241957
0.241967
0.241957
0.241957
0.241957
0.241957
0.241957
0.241957
0.483913
0.241967
0.241957
0.241957
0.241957
0.241957
0.241957
0.241967
0.241957
0.241957
0.241957
0.241957
0.243264
0.241957
0.241957
0.241957
0.483913
0.241967
0.241957
0.241957
0.241957
0.241957
0.241957
0.241957
0.431295
0.241967
0.243264
0.241957
0.434079
0.241967
0.483913
0.241967
0.241957
0.241957
0.433391
0.241967
0.241957
0.241957
0.241957
0.241957
0.483913
0.241967
0.241957
0.241957
0.483913
0.241967
0.483913
0.241967
0.431295
0.241967
0.432386
0.241967
0.483913
0.241967
0.433392
0.241967
0.434080
0.241967
0.241957
0.241957
0.434080
0.241967
0.433380
0.241967
0.433380
0.241967
0.433393
0.241967
0.241957
0.241957
0.433380
0.241967
0.434080
0.241967
0.483913
0.241967
0.483913
0.241967
0.433392
0.241967
0.241998
0.241957
0.431182
0.241967
0.431163
0.241967
0.433392
0.241967
0.589050
0.241957
0.241957
0.241957
0.434030
0.241967
0.431163
0.241967
0.431180
0.241967
0.433393
0.241967
0.241957
0.241957
0.431180
0.241967
0.434030
0.241967
0.483913
0.241967
0.483913
0.241967
0.433392
0.241967
0.241957
0.241957
0.241957
0.241957
0.434030
0.241967
0.431163
0.241967
0.431180
0.241967
0.433393
0.241967
0.241957
0.241957
0.431180
0.241967
0.434030
0.241967
0.483913
0.241967
0.483913
0.241967
0.433392
0.241967
0.434030
0.241967
0.243259
0.241957
0.243259
0.241957
0.483913
0.241967
0.390781
0.241957
0.244282
0.241957
0.241957
0.241957
0.483913
0.241967
0.431180
0.241967
0.431163
0.241967
0.483913
0.241967
0.483913
0.241967
0.434030
0.241967
0.241957
0.241967
0.241957
0.241957
0.434030
0.241967
0.241957
0.241957
0.241957
0.241957
0.241957
0.241957
0.434080
0.241967
0.483913
0.241967
0.434030
0.241967
0.241957
0.241957
0.434080
0.241967
0.483913
0.241967
0.433393
0.241967
0.241957
0.241957
0.434030
0.241967
0.241957
0.241957
0.241957
0.241957
0.241957
0.241957
0.434080
0.241967
0.431172
0.241967
0.434030
0.241967
0.241957
0.241957
0.241957
0.241957
0.434080
0.241967
0.483913
0.241967
0.241959
0.241957
0.241958
0.241957
0.483913
0.241967
0.243259
0.241957
0.241957
0.241957
0.241957
0.241957
0.000000
0.241946
0.483913
0.241967
0.241957
0.241957
0.241957
0.241957
0.241957
0.241957
0.241957
0.241957
0.241957
0.241957
0.241957
0.241957
0.241957
0.241957
0.241957
0.241957
0.241957
0.241957
0.241957
0.241957
0.241957
0.241957
0.243916
0.241957
0.243259
0.241957
0.432385
0.241967
0.241958
0.241957
0.241957
0.241957
0.241957
0.241957
0.241957
0.241957
0.241957
0.241957
0.431326
0.241967
0.241957
0.241957
0.241958
0.241957
0.241958
0.241957
0.431297
0.241967
0.241957
0.241957
0.243555
0.241957
0.241957
0.241957
0.241967
0.241957
0.241957
0.241957
0.241957
0.241957
0.241957
0.241957
0.241958
0.241957
0.241957
0.241957
0.721121
0.241957
0.313304
0.241957
0.721121
0.241957
0.313300
0.241957
0.721121
0.241957
0.313300
0.241957
0.241957
0.241957
0.241957
0.241957
0.241957
0.241957
0.243259
0.241957
0.483914
0.241967
0.241957
0.241957
0.250735
0.241957
0.241957
0.241957
0.241957
0.241957
0.483914
0.241967
0.241957
0.241957
0.241957
0.241957
0.431326
0.241967
0.241957
0.241957
0.483913
0.241967
0.483913
0.241967
0.250735
0.241957
0.241957
0.241957
0.243259
0.241957
0.483914
0.241967
0.241957
0.241957
0.241957
0.241957
0.431326
0.241967
0.241957
0.241957
0.241957
0.241957
0.241957
0.241957
0.241957
0.241957
0.250735
0.241957
0.250735
0.241957
0.241957
0.241957
0.243259
0.241957
0.483914
0.241967
0.431297
0.241967
0.241957
0.241957
0.483913
0.241967
0.243259
0.241957
0.243260
0.241957
0.785868
0.739078
0.483913
0.241967
0.483913
0.241967
0.241957
0.241957
0.241957
0.241957
0.250735
0.241957
0.749493
0.489097
0.842850
0.837759
0.739058
0.847016
0.241966
0.241957
0.544156
0.241957
0.721121
0.241957
0.544156
0.241957
0.721121
0.241957
0.544156
0.241957
0.241957
0.241957
0.241957
0.334405
0.599156
0.331256
0.252403
0.311615
0.314126
0.311615
0.241957
0.303973
0.393719
0.317838
1.000000
0.365154
0.356153
0.365154
0.241957
0.242041
0.242121
0.242039
0.241968
0.242028
0.242029
0.242028
