0.213791
0.209583
0.209583
0.209583
0.209583
0.209583
0.115521
0.209587
0.209583
0.209583
0.020324
0.209586
0.209583
0.209583
0.020324
0.209586
0.021818
0.209586
0.020324
0.209586
0.209583
0.209583
0.115346
0.209587
0.199242
0.209587
0.115523
0.209587
0.209583
0.209583
0.115521
0.209587
0.021818
0.209586
0.115346
0.209587
0.199242
0.209587
0.209583
0.209583
0.209583
0.209583
0.115521
0.209587
0.020324
0.209586
0.209583
0.209583
0.209583
0.209583
0.115347
0.209587
0.115523
0.209587
0.115346
0.209587
0.209583
0.209583
0.115523
0.209587
0.199242
0.209587
0.209583
0.209583
0.199242
0.209587
0.020324
0.209586
0.115521
0.209587
0.115322
0.209587
0.209583
0.209587
0.199242
0.209587
0.209583
0.209583
0.115785
0.209587
0.209583
0.209583
0.209583
0.209583
0.209583
0.209583
0.209583
0.209583
0.209583
0.209583
0.115785
0.209587
0.209583
0.209583
0.115288
0.209587
0.209583
0.209587
0.199242
0.209587
0.209583
0.209587
0.209583
0.209587
0.209583
0.209583
0.115521
0.209587
0.209583
0.209583
0.020324
0.209586
0.209583
0.209583
0.020324
0.209586
0.210587
0.209583
0.020324
0.209586
0.199242
0.209587
0.199242
0.209587
0.115740
0.209587
0.209583
0.209583
0.209583
0.209583
0.209583
0.209583
0.209583
0.209583
0.273836
0.209583
0.115338
0.209587
0.115523
0.209587
0.115740
0.209587
0.115803
0.209587
0.209583
0.209583
0.209583
0.209583
0.199242
0.209587
0.199242
0.209587
0.209583
0.209583
0.209583
0.209583
0.209583
0.209583
0.115803
0.209587
0.209583
0.209583
0.020322
0.209586
0.199242
0.209587
0.199242
0.209587
0.115803
0.209587
0.209583
0.209583
0.209583
0.209583
0.115288
0.209587
0.209583
0.209583
0.199242
0.209587
0.115280
0.209587
0.115740
0.209587
0.199242
0.209587
0.020322
0.209586
0.199242
0.209587
0.209583
0.209583
0.209583
0.209583
0.115788
0.209587
0.209583
0.209583
0.020325
0.209586
0.199242
0.209587
0.020322
0.209586
0.199242
0.209587
0.209583
0.209583
0.209583
0.209583
0.115788
0.209587
0.209583
0.209583
0.115788
0.209587
0.021818
0.209586
0.115280
0.209587
0.199242
0.209587
0.115792
0.209587
0.199242
0.209587
0.209583
0.209583
0.199242
0.209587
0.199242
0.209587
0.199242
0.209587
0.199242
0.209587
0.199242
0.209587
0.115803
0.209587
0.115803
0.209587
0.020322
0.209586
0.199242
0.209587
0.209584
0.209592
0.115803
0.209587
0.209583
0.209583
0.209583
0.209583
0.209583
0.209583
0.209583
0.209583
0.209583
0.209583
0.115281
0.209587
0.115740
0.209587
0.293102
0.293102
0.293102
0.293102
0.211831
0.211831
0.209583
0.211823
0.209592
0.209592
0.209583
0.211823
0.209592
0.209583
0.209583
0.211823
0.293102
0.293102
0.293102
0.293102
0.209592
0.209583
0.209583
0.209574
0.209592
0.209583
0.209583
0.211823
0.424200
0.470809
0.209675
0.209583
0.315674
0.315674
0.315674
0.315674
0.209584
0.209583
0.209583
0.209583
0.209583
0.209583
0.209583
0.209583
0.209583
0.209583
0.021818
0.209586
0.209584
0.209583
0.209584
0.209583
0.209583
0.209583
0.209583
0.209583
0.209583
0.209583
0.209583
0.209583
0.209583
0.209583
0.209583
0.209583
0.209583
0.209583
0.209583
0.209583
0.209583
0.209583
0.209584
0.209583
0.209584
0.209583
0.209583
0.209583
0.209583
0.209583
0.209583
0.209583
0.209583
0.209583
0.115351
0.209587
0.209583
0.209583
0.209584
0.209583
0.022404
0.209586
0.020322
0.209586
0.209584
0.209583
0.115339
0.209587
0.209583
0.209583
0.212446
0.209583
0.209583
0.209583
0.209587
0.209583
0.209583
0.209583
0.209583
0.209583
0.209583
0.209583
0.209584
0.209583
0.209583
0.209583
0.416441
0.209583
0.245338
0.209583
0.416444
0.209583
0.314613
0.209583
0.416444
0.209583
0.314613
0.209583
0.209583
0.209583
0.209583
0.209583
0.209583
0.209583
0.021819
0.209586
0.332360
0.000000
0.022404
0.209586
0.115521
0.209587
0.020322
0.209586
0.332360
0.000000
0.022404
0.209586
0.209583
0.209583
0.020322
0.209586
0.199242
0.209587
0.209583
0.209583
0.209583
0.209583
0.199242
0.209587
0.115327
0.209587
0.209583
0.209583
0.199242
0.209587
0.199242
0.209587
0.332360
0.000000
0.209583
0.209583
0.332360
0.000000
0.199242
0.209587
0.022404
0.209586
0.209583
0.209583
0.209583
0.209583
0.199242
0.209587
0.209583
0.209583
0.209583
0.209583
0.115347
0.209587
0.115347
0.209587
0.332360
0